300W-LP
yaw:[   0.    0.    0.    0. 2063. 2417. 2297. 2269. 2412. 2159. 2395. 2287.
 2267. 2408. 2164. 2389. 2284. 2262. 2413. 2161. 2365. 2259. 2203. 2323.
 2005. 2136. 1976. 1816. 1849. 1423. 1451. 1154.  827.  793.  779.  821.
 1172. 1430. 1434. 1854. 1793. 1993. 2116. 2018. 2329. 2181. 2283. 2339.
 2180. 2407. 2253. 2309. 2358. 2183. 2410. 2255. 2309. 2359. 2182. 2413.
 2257. 2326. 2390. 2090.    0.    0.    0.    0.]
pitch:[3.1000e+01 7.0000e+00 5.0000e+00 1.1000e+01 8.0000e+00 1.5000e+01
 1.3000e+01 2.8000e+01 2.6000e+01 2.6000e+01 3.2000e+01 3.5000e+01
 4.1000e+01 4.3000e+01 7.6000e+01 7.8000e+01 8.6000e+01 1.3300e+02
 2.3800e+02 3.1300e+02 4.8800e+02 7.4600e+02 1.0500e+03 1.6240e+03
 2.4350e+03 3.3520e+03 4.9390e+03 6.8750e+03 9.6530e+03 1.2977e+04
 1.4733e+04 1.5411e+04 1.2214e+04 1.0293e+04 8.0150e+03 5.5180e+03
 3.5660e+03 2.3560e+03 1.5180e+03 9.6000e+02 7.1700e+02 4.8400e+02
 3.1700e+02 2.9500e+02 1.9100e+02 1.3400e+02 9.9000e+01 6.3000e+01
 3.5000e+01 3.8000e+01 3.3000e+01 1.1000e+01 2.1000e+01 8.0000e+00
 1.3000e+01 2.0000e+00 1.0000e+00 2.0000e+00 2.0000e+00 0.0000e+00
 1.0000e+00 2.0000e+00 5.0000e+00 1.0000e+00 1.0000e+00 2.0000e+00
 2.0000e+00 2.0000e+00]
roll:[8.0000e+00 1.0000e+00 2.0000e+00 5.0000e+00 6.0000e+00 1.2000e+01
 8.0000e+00 9.0000e+00 7.0000e+00 1.2000e+01 1.6000e+01 2.6000e+01
 2.6000e+01 2.7000e+01 2.8000e+01 3.2000e+01 3.7000e+01 4.4000e+01
 6.2000e+01 5.8000e+01 1.0800e+02 1.4600e+02 2.0000e+02 3.5600e+02
 5.7100e+02 9.8900e+02 1.5390e+03 2.2280e+03 3.2260e+03 4.5840e+03
 6.8310e+03 9.6090e+03 1.3075e+04 1.7651e+04 1.7378e+04 1.2524e+04
 9.7320e+03 6.6340e+03 4.6720e+03 3.2430e+03 2.1960e+03 1.5940e+03
 1.0070e+03 5.9400e+02 3.4900e+02 2.2900e+02 1.4800e+02 1.3300e+02
 7.5000e+01 6.4000e+01 6.2000e+01 5.4000e+01 2.8000e+01 2.5000e+01
 3.0000e+01 1.8000e+01 2.5000e+01 1.8000e+01 1.5000e+01 1.0000e+01
 1.2000e+01 8.0000e+00 8.0000e+00 5.0000e+00 9.0000e+00 3.0000e+00
 2.0000e+00 7.0000e+00]
AFLW
yaw:[  4.   0.   1.   0.   0.   1.  14.  18.  18.  16.  18.  25.  18.  19.
  21.  24.  16.  13.  13.  17.  20.  17.  22.  23.  40.  34.  31.  42.
  43.  59.  56.  68. 112. 124. 122. 120.  75.  83.  73.  55.  60.  42.
  46.  27.  20.  20.  20.  22.  15.  18.  22.  18.  24.  18.  22.  15.
  25.  23.  19.  19.  13.  10.   5.   0.   0.   0.   0.   2.]
pitch:[ 14.   0.   1.   2.   0.   0.   3.   4.   1.   2.   3.   3.   2.   5.
   4.   4.   4.   5.   4.   3.   5.   8.  12.  22.  40.  48.  72. 111.
 110. 164. 200. 208. 173. 157. 127.  86.  80.  49.  41.  33.  38.  34.
  23.  19.  13.  12.   9.   4.   5.   4.   3.   1.   3.   1.   5.   0.
   0.   3.   0.   0.   0.   0.   1.   2.   0.   1.   0.   9.]
roll:[ 15.   2.   1.   2.   1.   4.   2.   2.   0.   3.   4.   1.   1.   0.
   4.   2.   5.   4.   4.   9.  10.  14.  18.  24.  27.  35.  51.  45.
  66.  94.  88. 121. 168. 264. 218. 127. 109.  92.  63.  42.  45.  34.
  28.  28.  19.  14.  12.  10.  14.   6.   4.   3.   5.   3.   4.   5.
   3.   2.   2.   0.   3.   1.   0.   0.   2.   0.   0.  11.]
