AFLW2000/image00481.jpg 33 36 33
AFLW2000/image03123.jpg 0 0 0
AFLW2000/image00077.jpg 60 28 25
AFLW2000/image04191.jpg 53 33 27
AFLW2000/image02595.jpg 24 29 39
AFLW2000/image01602.jpg 52 27 24
AFLW2000/image00109.jpg 31 28 24
AFLW2000/image04298.jpg 35 29 32
AFLW2000/image02622.jpg 28 28 33
AFLW2000/image00683.jpg 36 29 32
AFLW2000/image04221.jpg 12 27 40
AFLW2000/image02548.jpg 35 32 30
AFLW2000/image01472.jpg 27 29 31
AFLW2000/image02026.jpg 37 42 23
AFLW2000/image02980.jpg 12 25 44
AFLW2000/image03807.jpg 42 31 22
AFLW2000/image02539.jpg 56 26 18
AFLW2000/image02046.jpg 15 29 38
AFLW2000/image00974.jpg 41 34 34
AFLW2000/image01416.jpg 41 31 27
AFLW2000/image03824.jpg 27 31 21
AFLW2000/image01841.jpg 24 28 39
AFLW2000/image02387.jpg 42 23 22
AFLW2000/image03788.jpg 40 32 42
AFLW2000/image04004.jpg 20 26 34
AFLW2000/image04234.jpg 56 50 50
AFLW2000/image02061.jpg 15 44 29
AFLW2000/image04098.jpg 61 41 40
AFLW2000/image01157.jpg 27 32 27
AFLW2000/image02592.jpg 28 27 35
AFLW2000/image01400.jpg 35 30 33
AFLW2000/image04024.jpg 28 26 55
AFLW2000/image01764.jpg 51 27 26
AFLW2000/image01168.jpg 37 34 33
AFLW2000/image00219.jpg 36 28 26
AFLW2000/image04114.jpg 6 19 48
AFLW2000/image01132.jpg 34 26 28
AFLW2000/image02307.jpg 37 27 32
AFLW2000/image04163.jpg 39 32 33
AFLW2000/image03515.jpg 25 33 44
AFLW2000/image00280.jpg 29 31 38
AFLW2000/image02759.jpg 34 28 31
AFLW2000/image03037.jpg 40 27 26
AFLW2000/image00692.jpg 40 41 35
AFLW2000/image02864.jpg 32 31 33
AFLW2000/image02744.jpg 31 27 37
AFLW2000/image02695.jpg 29 28 34
AFLW2000/image00587.jpg 38 35 31
AFLW2000/image00874.jpg 31 34 25
AFLW2000/image01814.jpg 33 30 35
AFLW2000/image00450.jpg 19 39 0
AFLW2000/image01306.jpg 31 30 34
AFLW2000/image01846.jpg 54 27 30
AFLW2000/image00426.jpg 27 32 36
AFLW2000/image02475.jpg 56 44 42
AFLW2000/image01873.jpg 35 30 27
AFLW2000/image02043.jpg 37 31 34
AFLW2000/image02038.jpg 8 57 10
AFLW2000/image04252.jpg 32 36 33
AFLW2000/image03894.jpg 25 32 25
AFLW2000/image00083.jpg 33 33 30
AFLW2000/image00288.jpg 20 33 33
AFLW2000/image00072.jpg 38 39 41
AFLW2000/image03012.jpg 37 29 19
AFLW2000/image00506.jpg 37 30 31
AFLW2000/image00553.jpg 30 25 34
AFLW2000/image03402.jpg 32 33 33
AFLW2000/image01402.jpg 29 25 38
AFLW2000/image00929.jpg 28 24 37
AFLW2000/image03744.jpg 37 28 42
AFLW2000/image00973.jpg 28 26 34
AFLW2000/image03732.jpg 38 31 30
AFLW2000/image03776.jpg 39 30 33
AFLW2000/image02529.jpg 18 31 34
AFLW2000/image02363.jpg 52 36 45
AFLW2000/image03278.jpg 14 32 31
AFLW2000/image02246.jpg 42 29 34
AFLW2000/image01117.jpg 37 28 28
AFLW2000/image00571.jpg 38 41 30
AFLW2000/image00923.jpg 31 32 37
AFLW2000/image00041.jpg 34 31 35
AFLW2000/image01851.jpg 16 29 39
AFLW2000/image03965.jpg 40 29 31
AFLW2000/image03549.jpg 36 30 41
AFLW2000/image04120.jpg 45 37 46
AFLW2000/image02792.jpg 34 31 33
AFLW2000/image00725.jpg 21 30 37
AFLW2000/image00135.jpg 34 31 43
AFLW2000/image00333.jpg 36 36 36
AFLW2000/image02403.jpg 35 29 36
AFLW2000/image00866.jpg 57 32 34
AFLW2000/image00339.jpg 7 0 67
AFLW2000/image03161.jpg 10 26 37
AFLW2000/image02918.jpg 50 33 36
AFLW2000/image00224.jpg 29 40 33
AFLW2000/image03958.jpg 38 32 35
AFLW2000/image01807.jpg 35 31 30
AFLW2000/image00136.jpg 41 35 35
AFLW2000/image03028.jpg 12 25 42
AFLW2000/image01808.jpg 37 29 32
AFLW2000/image01212.jpg 35 25 33
AFLW2000/image03663.jpg 33 34 25
AFLW2000/image00218.jpg 28 27 34
AFLW2000/image02889.jpg 10 36 27
AFLW2000/image03740.jpg 34 30 40
AFLW2000/image00229.jpg 39 36 44
AFLW2000/image00161.jpg 33 25 36
AFLW2000/image02139.jpg 34 36 36
AFLW2000/image01798.jpg 37 30 36
AFLW2000/image01251.jpg 35 30 32
AFLW2000/image03985.jpg 26 29 45
AFLW2000/image00894.jpg 35 34 31
AFLW2000/image04016.jpg 36 42 34
AFLW2000/image02990.jpg 25 33 38
AFLW2000/image03891.jpg 25 27 32
AFLW2000/image02428.jpg 33 30 34
AFLW2000/image03768.jpg 39 29 31
AFLW2000/image00606.jpg 42 29 26
AFLW2000/image04356.jpg 44 31 31
AFLW2000/image01902.jpg 30 43 34
AFLW2000/image00801.jpg 54 41 40
AFLW2000/image02728.jpg 51 35 33
AFLW2000/image00447.jpg 29 32 37
AFLW2000/image01048.jpg 41 31 37
AFLW2000/image01184.jpg 37 30 35
AFLW2000/image03578.jpg 38 27 33
AFLW2000/image00622.jpg 21 32 32
AFLW2000/image02464.jpg 33 29 27
AFLW2000/image01973.jpg 35 23 32
AFLW2000/image00026.jpg 42 34 34
AFLW2000/image04297.jpg 59 18 16
AFLW2000/image03609.jpg 40 31 36
AFLW2000/image00774.jpg 34 31 33
AFLW2000/image01258.jpg 33 30 33
AFLW2000/image02319.jpg 8 26 41
AFLW2000/image02310.jpg 56 28 25
AFLW2000/image00847.jpg 45 33 33
AFLW2000/image02376.jpg 47 26 20
AFLW2000/image02034.jpg 31 33 32
AFLW2000/image01334.jpg 33 29 35
AFLW2000/image04331.jpg 49 38 33
AFLW2000/image03669.jpg 33 33 35
AFLW2000/image00304.jpg 41 35 42
AFLW2000/image02819.jpg 34 27 30
AFLW2000/image01097.jpg 34 23 40
AFLW2000/image02062.jpg 47 28 32
AFLW2000/image01377.jpg 54 46 41
AFLW2000/image01786.jpg 53 13 17
AFLW2000/image01562.jpg 13 38 29
AFLW2000/image01920.jpg 29 28 39
AFLW2000/image03040.jpg 17 25 43
AFLW2000/image02581.jpg 34 28 36
AFLW2000/image02811.jpg 20 32 29
AFLW2000/image03872.jpg 7 45 26
AFLW2000/image00424.jpg 21 31 36
AFLW2000/image00679.jpg 39 39 36
AFLW2000/image04182.jpg 29 30 39
AFLW2000/image03828.jpg 33 29 23
AFLW2000/image02073.jpg 34 32 31
AFLW2000/image02152.jpg 34 34 33
AFLW2000/image03902.jpg 12 28 40
AFLW2000/image01870.jpg 11 12 60
AFLW2000/image00131.jpg 25 43 36
AFLW2000/image00642.jpg 32 35 32
AFLW2000/image00389.jpg 39 31 29
AFLW2000/image04153.jpg 12 38 30
AFLW2000/image00102.jpg 34 30 45
AFLW2000/image02093.jpg 46 37 36
AFLW2000/image00512.jpg 33 37 34
AFLW2000/image02423.jpg 34 27 33
AFLW2000/image02079.jpg 37 32 47
AFLW2000/image02064.jpg 50 31 28
AFLW2000/image02217.jpg 38 35 29
AFLW2000/image00049.jpg 34 31 33
AFLW2000/image01708.jpg 7 32 36
AFLW2000/image01471.jpg 27 27 37
AFLW2000/image01659.jpg 9 32 24
AFLW2000/image00019.jpg 34 38 33
AFLW2000/image00112.jpg 12 37 33
AFLW2000/image00211.jpg 51 33 34
AFLW2000/image03644.jpg 27 29 34
AFLW2000/image02612.jpg 11 30 38
AFLW2000/image03817.jpg 36 31 43
AFLW2000/image04329.jpg 48 28 29
AFLW2000/image00561.jpg 35 40 29
AFLW2000/image01744.jpg 38 31 28
AFLW2000/image00473.jpg 7 35 36
AFLW2000/image02036.jpg 45 32 33
AFLW2000/image04248.jpg 32 36 33
AFLW2000/image00608.jpg 41 32 34
AFLW2000/image00577.jpg 49 31 28
AFLW2000/image00434.jpg 36 30 29
AFLW2000/image01322.jpg 32 29 33
AFLW2000/image02272.jpg 15 42 30
AFLW2000/image01089.jpg 42 27 29
AFLW2000/image00420.jpg 24 36 32
AFLW2000/image01812.jpg 43 28 40
AFLW2000/image01138.jpg 39 29 37
AFLW2000/image03951.jpg 36 26 33
AFLW2000/image00843.jpg 34 30 34
AFLW2000/image00082.jpg 41 29 32
AFLW2000/image03937.jpg 53 35 35
AFLW2000/image01868.jpg 48 28 34
AFLW2000/image01921.jpg 44 31 29
AFLW2000/image01249.jpg 36 34 31
AFLW2000/image03726.jpg 34 34 36
AFLW2000/image00310.jpg 34 28 34
AFLW2000/image00558.jpg 40 27 31
AFLW2000/image02936.jpg 29 40 15
AFLW2000/image00441.jpg 36 27 35
AFLW2000/image01867.jpg 51 25 21
AFLW2000/image01201.jpg 26 37 32
AFLW2000/image04285.jpg 43 33 31
AFLW2000/image00988.jpg 37 41 55
AFLW2000/image01111.jpg 29 25 35
AFLW2000/image01165.jpg 23 31 37
AFLW2000/image02562.jpg 34 30 37
AFLW2000/image01982.jpg 44 37 33
AFLW2000/image02969.jpg 38 31 29
AFLW2000/image00726.jpg 36 33 40
AFLW2000/image01338.jpg 36 34 33
AFLW2000/image02254.jpg 32 63 3
AFLW2000/image03541.jpg 28 27 39
AFLW2000/image03720.jpg 36 31 31
AFLW2000/image00729.jpg 36 34 32
AFLW2000/image03638.jpg 31 30 34
AFLW2000/image03779.jpg 38 30 36
AFLW2000/image04161.jpg 57 7 14
AFLW2000/image02520.jpg 30 37 33
AFLW2000/image03797.jpg 37 33 26
AFLW2000/image02851.jpg 24 30 41
AFLW2000/image02345.jpg 35 30 33
AFLW2000/image02796.jpg 30 27 39
AFLW2000/image02485.jpg 55 44 38
AFLW2000/image04313.jpg 38 27 30
AFLW2000/image01820.jpg 57 43 43
AFLW2000/image01852.jpg 54 31 34
AFLW2000/image03008.jpg 25 32 34
AFLW2000/image04151.jpg 41 37 32
AFLW2000/image00745.jpg 29 32 36
AFLW2000/image00283.jpg 26 32 35
AFLW2000/image01299.jpg 23 31 33
AFLW2000/image01467.jpg 30 31 32
AFLW2000/image02952.jpg 33 30 33
AFLW2000/image02606.jpg 60 32 33
AFLW2000/image00693.jpg 37 30 33
AFLW2000/image02871.jpg 32 30 31
AFLW2000/image00550.jpg 27 31 36
AFLW2000/image01468.jpg 14 29 39
AFLW2000/image01476.jpg 27 30 31
AFLW2000/image02849.jpg 32 30 33
AFLW2000/image00998.jpg 38 37 32
AFLW2000/image00032.jpg 0 0 67
AFLW2000/image01034.jpg 31 31 33
AFLW2000/image03258.jpg 57 17 23
AFLW2000/image01240.jpg 32 33 31
AFLW2000/image04206.jpg 36 36 35
AFLW2000/image03633.jpg 38 29 33
AFLW2000/image03124.jpg 32 31 32
AFLW2000/image01196.jpg 38 34 38
AFLW2000/image00939.jpg 25 34 28
AFLW2000/image02051.jpg 39 27 29
AFLW2000/image04000.jpg 13 32 35
AFLW2000/image04096.jpg 20 32 30
AFLW2000/image02069.jpg 34 29 33
AFLW2000/image04226.jpg 37 31 31
AFLW2000/image02810.jpg 11 36 27
AFLW2000/image00053.jpg 32 32 34
AFLW2000/image03836.jpg 42 31 20
AFLW2000/image04251.jpg 32 41 32
AFLW2000/image03558.jpg 28 30 31
AFLW2000/image03787.jpg 42 35 40
AFLW2000/image03647.jpg 25 36 32
AFLW2000/image02295.jpg 14 52 16
AFLW2000/image00714.jpg 32 33 31
AFLW2000/image03404.jpg 41 34 35
AFLW2000/image03111.jpg 32 33 22
AFLW2000/image03629.jpg 25 27 38
AFLW2000/image00354.jpg 52 30 32
AFLW2000/image02194.jpg 37 39 29
AFLW2000/image03574.jpg 29 29 36
AFLW2000/image00519.jpg 17 41 36
AFLW2000/image02532.jpg 11 44 29
AFLW2000/image02567.jpg 50 20 22
AFLW2000/image02408.jpg 37 32 31
AFLW2000/image01039.jpg 33 32 35
AFLW2000/image00124.jpg 38 31 31
AFLW2000/image01309.jpg 10 21 43
AFLW2000/image04180.jpg 48 24 27
AFLW2000/image04012.jpg 22 33 34
AFLW2000/image01991.jpg 39 30 32
AFLW2000/image00363.jpg 30 31 40
AFLW2000/image00324.jpg 46 29 30
AFLW2000/image01310.jpg 33 36 44
AFLW2000/image02236.jpg 15 24 39
AFLW2000/image00815.jpg 11 13 58
AFLW2000/image03075.jpg 14 54 5
AFLW2000/image01885.jpg 16 41 31
AFLW2000/image01174.jpg 36 32 38
AFLW2000/image03823.jpg 30 29 24
AFLW2000/image02156.jpg 33 39 34
AFLW2000/image00545.jpg 59 21 17
AFLW2000/image01060.jpg 33 24 33
AFLW2000/image02136.jpg 18 35 33
AFLW2000/image04273.jpg 35 33 34
AFLW2000/image02015.jpg 54 37 34
AFLW2000/image01769.jpg 54 40 43
AFLW2000/image01732.jpg 31 32 36
AFLW2000/image02841.jpg 42 32 30
AFLW2000/image00781.jpg 16 43 22
AFLW2000/image03302.jpg 49 42 42
AFLW2000/image03956.jpg 36 26 33
AFLW2000/image01997.jpg 45 36 37
AFLW2000/image00966.jpg 34 24 32
AFLW2000/image02801.jpg 34 29 33
AFLW2000/image01971.jpg 43 24 25
AFLW2000/image00979.jpg 41 29 37
AFLW2000/image01139.jpg 32 38 32
AFLW2000/image00934.jpg 44 31 32
AFLW2000/image04171.jpg 14 28 43
AFLW2000/image03128.jpg 53 27 28
AFLW2000/image00684.jpg 19 32 35
AFLW2000/image00472.jpg 12 18 52
AFLW2000/image03086.jpg 15 21 45
AFLW2000/image04216.jpg 11 13 47
AFLW2000/image01824.jpg 6 54 9
AFLW2000/image02645.jpg 11 17 54
AFLW2000/image03636.jpg 46 30 19
AFLW2000/image03920.jpg 37 31 30
AFLW2000/image03661.jpg 37 31 28
AFLW2000/image02257.jpg 30 34 33
AFLW2000/image01061.jpg 32 24 33
AFLW2000/image00152.jpg 38 31 29
AFLW2000/image03727.jpg 34 34 36
AFLW2000/image04308.jpg 40 45 34
AFLW2000/image01200.jpg 42 34 31
AFLW2000/image02107.jpg 53 24 29
AFLW2000/image02424.jpg 34 32 42
AFLW2000/image03022.jpg 8 36 30
AFLW2000/image00680.jpg 52 27 26
AFLW2000/image02057.jpg 7 39 25
AFLW2000/image02271.jpg 32 31 33
AFLW2000/image02085.jpg 56 35 34
AFLW2000/image01198.jpg 34 28 32
AFLW2000/image00803.jpg 47 20 24
AFLW2000/image04190.jpg 33 27 35
AFLW2000/image01688.jpg 20 37 29
AFLW2000/image00320.jpg 33 32 39
AFLW2000/image02630.jpg 27 30 36
AFLW2000/image04129.jpg 13 25 29
AFLW2000/image01576.jpg 35 29 33
AFLW2000/image00460.jpg 13 18 52
AFLW2000/image01202.jpg 32 27 27
AFLW2000/image02614.jpg 33 37 31
AFLW2000/image03897.jpg 33 30 20
AFLW2000/image01118.jpg 33 33 33
AFLW2000/image00379.jpg 32 31 33
AFLW2000/image02045.jpg 16 26 38
AFLW2000/image00182.jpg 8 41 29
AFLW2000/image03614.jpg 39 34 32
AFLW2000/image04299.jpg 59 32 27
AFLW2000/image03717.jpg 44 32 34
AFLW2000/image03850.jpg 62 38 39
AFLW2000/image00126.jpg 35 35 33
AFLW2000/image00278.jpg 22 34 33
AFLW2000/image00999.jpg 32 30 33
AFLW2000/image03178.jpg 45 31 33
AFLW2000/image01087.jpg 33 30 32
AFLW2000/image04201.jpg 51 36 34
AFLW2000/image01062.jpg 23 32 36
AFLW2000/image02517.jpg 45 29 31
AFLW2000/image01860.jpg 37 32 31
AFLW2000/image03827.jpg 33 32 38
AFLW2000/image00469.jpg 13 27 43
AFLW2000/image00941.jpg 36 32 27
AFLW2000/image03728.jpg 17 26 32
AFLW2000/image00599.jpg 8 28 43
AFLW2000/image02764.jpg 33 36 22
AFLW2000/image00500.jpg 35 26 33
AFLW2000/image02514.jpg 14 29 38
AFLW2000/image00475.jpg 55 47 40
AFLW2000/image04279.jpg 39 31 26
AFLW2000/image00650.jpg 37 32 34
AFLW2000/image02406.jpg 43 33 34
AFLW2000/image03773.jpg 37 32 38
AFLW2000/image00444.jpg 39 28 24
AFLW2000/image02068.jpg 41 35 40
AFLW2000/image01631.jpg 15 39 28
AFLW2000/image00681.jpg 28 32 32
AFLW2000/image04242.jpg 37 31 29
AFLW2000/image00904.jpg 38 34 33
AFLW2000/image01346.jpg 37 35 33
AFLW2000/image01598.jpg 18 28 34
AFLW2000/image01038.jpg 37 45 31
AFLW2000/image03524.jpg 57 34 30
AFLW2000/image00962.jpg 32 34 33
AFLW2000/image02867.jpg 27 35 34
AFLW2000/image01878.jpg 22 37 30
AFLW2000/image00315.jpg 24 33 33
AFLW2000/image01191.jpg 35 28 32
AFLW2000/image02789.jpg 32 31 34
AFLW2000/image03731.jpg 33 33 38
AFLW2000/image04271.jpg 58 43 43
AFLW2000/image02178.jpg 34 29 42
AFLW2000/image01302.jpg 36 35 34
AFLW2000/image03691.jpg 55 29 29
AFLW2000/image02415.jpg 33 32 32
AFLW2000/image02556.jpg 40 26 24
AFLW2000/image02884.jpg 25 33 31
AFLW2000/image00274.jpg 16 19 48
AFLW2000/image00614.jpg 22 27 45
AFLW2000/image00282.jpg 35 32 33
AFLW2000/image01397.jpg 32 34 35
AFLW2000/image01936.jpg 35 33 33
AFLW2000/image02028.jpg 35 37 31
AFLW2000/image02857.jpg 11 42 32
AFLW2000/image01460.jpg 32 39 32
AFLW2000/image02992.jpg 42 35 41
AFLW2000/image00054.jpg 33 31 34
AFLW2000/image00792.jpg 40 23 27
AFLW2000/image00784.jpg 50 29 29
AFLW2000/image03249.jpg 15 26 35
AFLW2000/image02931.jpg 25 28 37
AFLW2000/image00982.jpg 34 40 41
AFLW2000/image04217.jpg 34 37 33
AFLW2000/image01572.jpg 56 22 21
AFLW2000/image01831.jpg 34 30 34
AFLW2000/image00270.jpg 43 30 28
AFLW2000/image00343.jpg 40 27 40
AFLW2000/image01050.jpg 38 30 33
AFLW2000/image00498.jpg 31 36 31
AFLW2000/image00983.jpg 9 0 67
AFLW2000/image02375.jpg 32 31 37
AFLW2000/image03575.jpg 40 31 43
AFLW2000/image00540.jpg 35 34 31
AFLW2000/image02636.jpg 32 26 34
AFLW2000/image00399.jpg 41 37 40
AFLW2000/image01716.jpg 54 29 33
AFLW2000/image00854.jpg 35 44 32
AFLW2000/image01086.jpg 33 27 32
AFLW2000/image03672.jpg 26 28 38
AFLW2000/image01506.jpg 10 37 29
AFLW2000/image02760.jpg 50 38 32
AFLW2000/image00070.jpg 30 30 38
AFLW2000/image00665.jpg 32 31 37
AFLW2000/image00530.jpg 24 29 40
AFLW2000/image01488.jpg 12 24 47
AFLW2000/image04334.jpg 56 30 27
AFLW2000/image04328.jpg 29 34 33
AFLW2000/image01622.jpg 33 36 35
AFLW2000/image00597.jpg 39 30 25
AFLW2000/image00886.jpg 39 34 32
AFLW2000/image03018.jpg 31 29 35
AFLW2000/image00832.jpg 33 31 32
AFLW2000/image00511.jpg 35 35 24
AFLW2000/image00159.jpg 35 33 22
AFLW2000/image01396.jpg 38 34 37
AFLW2000/image01646.jpg 39 36 34
AFLW2000/image00318.jpg 47 35 30
AFLW2000/image01012.jpg 58 43 48
AFLW2000/image03738.jpg 29 31 39
AFLW2000/image04130.jpg 31 28 36
AFLW2000/image00260.jpg 62 0 1
AFLW2000/image00892.jpg 35 28 34
AFLW2000/image03980.jpg 32 32 34
AFLW2000/image01655.jpg 35 36 32
AFLW2000/image01479.jpg 31 29 33
AFLW2000/image00791.jpg 34 32 26
AFLW2000/image02690.jpg 46 37 31
AFLW2000/image03047.jpg 35 30 32
AFLW2000/image01067.jpg 46 35 41
AFLW2000/image03833.jpg 35 34 39
AFLW2000/image00419.jpg 33 27 32
AFLW2000/image03653.jpg 31 31 39
AFLW2000/image03856.jpg 55 42 43
AFLW2000/image02199.jpg 33 27 30
AFLW2000/image02938.jpg 54 24 20
AFLW2000/image03784.jpg 38 36 37
AFLW2000/image00158.jpg 7 25 43
AFLW2000/image03777.jpg 37 29 37
AFLW2000/image00678.jpg 37 29 33
AFLW2000/image01830.jpg 34 31 34
AFLW2000/image01147.jpg 37 30 40
AFLW2000/image00584.jpg 36 31 28
AFLW2000/image02635.jpg 24 25 36
AFLW2000/image00748.jpg 11 22 47
AFLW2000/image02739.jpg 40 35 30
AFLW2000/image02891.jpg 14 26 39
AFLW2000/image02531.jpg 22 31 27
AFLW2000/image02513.jpg 10 37 30
AFLW2000/image02251.jpg 50 41 37
AFLW2000/image03550.jpg 22 28 38
AFLW2000/image02453.jpg 26 32 39
AFLW2000/image03214.jpg 8 34 40
AFLW2000/image00961.jpg 42 30 34
AFLW2000/image03505.jpg 19 30 29
AFLW2000/image03939.jpg 54 34 30
AFLW2000/image02748.jpg 23 31 34
AFLW2000/image00688.jpg 42 30 32
AFLW2000/image04272.jpg 36 31 32
AFLW2000/image00058.jpg 32 29 35
AFLW2000/image03021.jpg 29 33 27
AFLW2000/image00208.jpg 39 32 35
AFLW2000/image02988.jpg 42 40 34
AFLW2000/image03566.jpg 24 34 23
AFLW2000/image03071.jpg 35 33 33
AFLW2000/image01053.jpg 32 32 34
AFLW2000/image00170.jpg 60 14 10
AFLW2000/image02826.jpg 36 31 33
AFLW2000/image01414.jpg 32 37 34
AFLW2000/image00696.jpg 24 10 53
AFLW2000/image00039.jpg 33 33 35
AFLW2000/image04364.jpg 61 6 5
AFLW2000/image02285.jpg 40 26 24
AFLW2000/image00782.jpg 33 33 33
AFLW2000/image00480.jpg 39 33 28
AFLW2000/image00207.jpg 39 32 29
AFLW2000/image02114.jpg 15 33 34
AFLW2000/image01286.jpg 31 34 34
AFLW2000/image00215.jpg 37 32 43
AFLW2000/image02347.jpg 30 26 36
AFLW2000/image02050.jpg 11 43 25
AFLW2000/image02709.jpg 57 28 29
AFLW2000/image03791.jpg 40 33 20
AFLW2000/image00133.jpg 43 30 30
AFLW2000/image00050.jpg 34 32 35
AFLW2000/image00889.jpg 40 38 36
AFLW2000/image00067.jpg 27 31 38
AFLW2000/image03356.jpg 51 36 36
AFLW2000/image01395.jpg 42 30 30
AFLW2000/image00180.jpg 16 32 32
AFLW2000/image00802.jpg 38 27 31
AFLW2000/image00907.jpg 55 38 34
AFLW2000/image02278.jpg 60 30 28
AFLW2000/image00694.jpg 34 28 35
AFLW2000/image01940.jpg 36 25 31
AFLW2000/image02712.jpg 54 36 46
AFLW2000/image04348.jpg 25 26 36
AFLW2000/image03050.jpg 44 30 25
AFLW2000/image03244.jpg 59 40 42
AFLW2000/image02812.jpg 15 32 33
AFLW2000/image01892.jpg 24 29 33
AFLW2000/image00947.jpg 38 29 34
AFLW2000/image03563.jpg 25 30 40
AFLW2000/image03599.jpg 46 27 30
AFLW2000/image01952.jpg 43 32 32
AFLW2000/image00457.jpg 30 38 39
AFLW2000/image00905.jpg 29 40 33
AFLW2000/image00268.jpg 32 26 33
AFLW2000/image02121.jpg 42 29 27
AFLW2000/image01530.jpg 0 0 67
AFLW2000/image00076.jpg 24 29 36
AFLW2000/image03479.jpg 28 35 31
AFLW2000/image01944.jpg 48 7 6
AFLW2000/image00722.jpg 6 29 39
AFLW2000/image00567.jpg 41 36 33
AFLW2000/image00164.jpg 53 36 31
AFLW2000/image01002.jpg 34 36 33
AFLW2000/image02112.jpg 38 33 33
AFLW2000/image00114.jpg 34 34 37
AFLW2000/image00350.jpg 32 27 35
AFLW2000/image01010.jpg 31 35 28
AFLW2000/image03842.jpg 37 31 40
AFLW2000/image02803.jpg 13 28 33
AFLW2000/image00946.jpg 15 29 37
AFLW2000/image01119.jpg 50 30 33
AFLW2000/image00710.jpg 39 33 35
AFLW2000/image00804.jpg 29 33 34
AFLW2000/image00940.jpg 30 36 32
AFLW2000/image01417.jpg 37 36 32
AFLW2000/image00486.jpg 9 40 30
AFLW2000/image03761.jpg 30 33 41
AFLW2000/image00357.jpg 29 31 37
AFLW2000/image03908.jpg 19 24 40
AFLW2000/image02267.jpg 32 30 32
AFLW2000/image03870.jpg 53 42 41
AFLW2000/image00719.jpg 28 27 28
AFLW2000/image02951.jpg 33 31 33
AFLW2000/image00712.jpg 30 28 37
AFLW2000/image03641.jpg 37 31 31
AFLW2000/image02274.jpg 50 29 31
AFLW2000/image00845.jpg 38 34 32
AFLW2000/image04085.jpg 34 30 33
AFLW2000/image03890.jpg 45 39 43
AFLW2000/image04059.jpg 25 35 33
AFLW2000/image03851.jpg 59 23 22
AFLW2000/image03749.jpg 40 34 34
AFLW2000/image00259.jpg 53 30 32
AFLW2000/image00935.jpg 7 33 36
AFLW2000/image01887.jpg 35 25 34
AFLW2000/image02845.jpg 37 41 50
AFLW2000/image03189.jpg 6 12 55
AFLW2000/image03715.jpg 39 30 23
AFLW2000/image03813.jpg 43 33 37
AFLW2000/image04289.jpg 28 38 25
AFLW2000/image00578.jpg 45 33 34
AFLW2000/image00216.jpg 52 28 32
AFLW2000/image02839.jpg 32 31 33
AFLW2000/image00670.jpg 36 32 30
AFLW2000/image02721.jpg 9 43 16
AFLW2000/image02749.jpg 34 31 33
AFLW2000/image03537.jpg 27 37 31
AFLW2000/image00040.jpg 34 30 34
AFLW2000/image03557.jpg 51 24 28
AFLW2000/image00697.jpg 36 34 33
AFLW2000/image01928.jpg 28 29 27
AFLW2000/image01449.jpg 13 25 43
AFLW2000/image04276.jpg 41 31 38
AFLW2000/image00485.jpg 59 34 34
AFLW2000/image02954.jpg 38 35 35
AFLW2000/image03077.jpg 36 32 35
AFLW2000/image03143.jpg 11 43 20
AFLW2000/image00021.jpg 33 33 32
AFLW2000/image03465.jpg 26 35 36
AFLW2000/image00107.jpg 52 30 28
AFLW2000/image03499.jpg 30 32 33
AFLW2000/image00504.jpg 34 31 33
AFLW2000/image02389.jpg 14 44 33
AFLW2000/image00527.jpg 34 30 33
AFLW2000/image02902.jpg 12 25 46
AFLW2000/image00755.jpg 23 29 34
AFLW2000/image01918.jpg 47 27 27
AFLW2000/image02166.jpg 51 31 28
AFLW2000/image01317.jpg 32 30 33
AFLW2000/image03580.jpg 37 26 45
AFLW2000/image03652.jpg 27 42 36
AFLW2000/image02031.jpg 32 29 34
AFLW2000/image02108.jpg 58 63 61
AFLW2000/image00435.jpg 33 28 31
AFLW2000/image03796.jpg 37 29 39
AFLW2000/image00604.jpg 38 33 37
AFLW2000/image02434.jpg 42 29 30
AFLW2000/image01693.jpg 30 32 32
AFLW2000/image03662.jpg 33 32 29
AFLW2000/image04257.jpg 14 39 25
AFLW2000/image02832.jpg 16 41 31
AFLW2000/image03153.jpg 58 23 23
AFLW2000/image02603.jpg 15 16 64
AFLW2000/image03354.jpg 15 30 34
AFLW2000/image00548.jpg 40 34 32
AFLW2000/image02261.jpg 17 44 23
AFLW2000/image00385.jpg 23 42 27
AFLW2000/image03943.jpg 9 37 30
AFLW2000/image02765.jpg 36 28 40
AFLW2000/image01404.jpg 32 32 30
AFLW2000/image00148.jpg 36 28 33
AFLW2000/image03129.jpg 38 31 28
AFLW2000/image00412.jpg 33 25 34
AFLW2000/image04157.jpg 67 67 0
AFLW2000/image04224.jpg 35 27 32
AFLW2000/image02726.jpg 23 33 34
AFLW2000/image03117.jpg 36 28 29
AFLW2000/image03392.jpg 35 30 33
AFLW2000/image01767.jpg 62 10 7
AFLW2000/image03592.jpg 40 26 35
AFLW2000/image03700.jpg 30 31 27
AFLW2000/image01323.jpg 22 41 38
AFLW2000/image02037.jpg 35 27 36
AFLW2000/image00167.jpg 12 29 36
AFLW2000/image01276.jpg 38 35 30
AFLW2000/image00728.jpg 46 38 43
AFLW2000/image01623.jpg 42 31 25
AFLW2000/image01547.jpg 52 8 0
AFLW2000/image00010.jpg 56 17 14
AFLW2000/image01079.jpg 33 25 38
AFLW2000/image00528.jpg 37 33 32
AFLW2000/image00160.jpg 50 41 40
AFLW2000/image00179.jpg 7 0 0
AFLW2000/image01072.jpg 32 34 33
AFLW2000/image03790.jpg 35 31 22
AFLW2000/image01376.jpg 8 24 45
AFLW2000/image03053.jpg 43 26 32
AFLW2000/image03959.jpg 40 26 25
AFLW2000/image03805.jpg 32 32 27
AFLW2000/image01711.jpg 15 16 50
AFLW2000/image01513.jpg 44 34 35
AFLW2000/image01314.jpg 35 35 34
AFLW2000/image00699.jpg 25 31 37
AFLW2000/image00271.jpg 15 31 32
AFLW2000/image01787.jpg 44 28 24
AFLW2000/image00063.jpg 33 31 34
AFLW2000/image03255.jpg 23 45 20
AFLW2000/image02234.jpg 32 34 36
AFLW2000/image03746.jpg 35 29 41
AFLW2000/image03209.jpg 49 36 38
AFLW2000/image01207.jpg 60 39 43
AFLW2000/image02929.jpg 33 34 34
AFLW2000/image03941.jpg 53 26 25
AFLW2000/image02013.jpg 24 34 34
AFLW2000/image01834.jpg 43 29 28
AFLW2000/image00392.jpg 8 0 67
AFLW2000/image00877.jpg 32 27 34
AFLW2000/image04232.jpg 30 33 34
AFLW2000/image03755.jpg 44 31 34
AFLW2000/image00818.jpg 32 29 33
AFLW2000/image01226.jpg 35 28 30
AFLW2000/image01475.jpg 26 31 32
AFLW2000/image01927.jpg 20 24 40
AFLW2000/image02720.jpg 24 33 32
AFLW2000/image03361.jpg 37 38 29
AFLW2000/image03315.jpg 10 45 25
AFLW2000/image01607.jpg 55 45 48
AFLW2000/image00006.jpg 50 30 29
AFLW2000/image02362.jpg 38 33 32
AFLW2000/image00227.jpg 53 26 30
AFLW2000/image00490.jpg 35 30 32
AFLW2000/image01333.jpg 35 31 33
AFLW2000/image00499.jpg 33 30 40
AFLW2000/image03210.jpg 52 24 25
AFLW2000/image01296.jpg 36 31 32
AFLW2000/image03252.jpg 6 23 54
AFLW2000/image00544.jpg 19 29 38
AFLW2000/image00851.jpg 33 30 33
AFLW2000/image01603.jpg 51 37 35
AFLW2000/image01380.jpg 35 34 32
AFLW2000/image03860.jpg 14 22 44
AFLW2000/image02171.jpg 38 33 35
AFLW2000/image04241.jpg 23 33 32
AFLW2000/image04310.jpg 14 28 30
AFLW2000/image00489.jpg 15 29 36
AFLW2000/image01810.jpg 50 24 28
AFLW2000/image00560.jpg 33 27 33
AFLW2000/image03686.jpg 19 29 33
AFLW2000/image01459.jpg 40 34 32
AFLW2000/image01749.jpg 7 25 46
AFLW2000/image03713.jpg 23 31 38
AFLW2000/image02157.jpg 58 35 30
AFLW2000/image03236.jpg 37 29 31
AFLW2000/image02818.jpg 38 25 27
AFLW2000/image02351.jpg 44 30 32
AFLW2000/image01634.jpg 6 42 26
AFLW2000/image03906.jpg 55 33 33
AFLW2000/image02346.jpg 39 31 39
AFLW2000/image00611.jpg 40 30 42
AFLW2000/image00291.jpg 32 35 29
AFLW2000/image01662.jpg 60 27 27
AFLW2000/image01288.jpg 31 33 31
AFLW2000/image03475.jpg 20 42 29
AFLW2000/image03750.jpg 31 31 30
AFLW2000/image03962.jpg 34 28 33
AFLW2000/image00613.jpg 39 36 28
AFLW2000/image01016.jpg 31 35 28
AFLW2000/image04342.jpg 26 24 35
AFLW2000/image03736.jpg 31 33 40
AFLW2000/image03886.jpg 45 34 39
AFLW2000/image01958.jpg 32 30 34
AFLW2000/image00796.jpg 27 27 31
AFLW2000/image00950.jpg 34 35 35
AFLW2000/image03751.jpg 35 29 26
AFLW2000/image04267.jpg 35 40 34
AFLW2000/image02407.jpg 46 33 37
AFLW2000/image01845.jpg 7 67 0
AFLW2000/image00535.jpg 33 32 33
AFLW2000/image01150.jpg 31 31 34
AFLW2000/image01933.jpg 40 28 33
AFLW2000/image01243.jpg 34 32 30
AFLW2000/image04324.jpg 9 39 29
AFLW2000/image01175.jpg 47 31 24
AFLW2000/image04188.jpg 17 38 36
AFLW2000/image00101.jpg 29 29 38
AFLW2000/image03705.jpg 35 33 42
AFLW2000/image00002.jpg 34 26 35
AFLW2000/image02422.jpg 43 31 28
AFLW2000/image00551.jpg 29 29 29
AFLW2000/image01509.jpg 7 2 64
AFLW2000/image03488.jpg 17 40 26
AFLW2000/image03721.jpg 24 27 33
AFLW2000/image03888.jpg 45 34 25
AFLW2000/image00948.jpg 32 30 33
AFLW2000/image00705.jpg 34 35 32
AFLW2000/image00127.jpg 36 34 30
AFLW2000/image00656.jpg 30 30 31
AFLW2000/image02771.jpg 58 32 31
AFLW2000/image00735.jpg 17 30 30
AFLW2000/image04283.jpg 35 34 33
AFLW2000/image00404.jpg 28 29 37
AFLW2000/image02781.jpg 27 31 19
AFLW2000/image00051.jpg 34 33 35
AFLW2000/image00759.jpg 12 32 40
AFLW2000/image01574.jpg 33 32 33
AFLW2000/image02881.jpg 24 34 41
AFLW2000/image00228.jpg 51 30 39
AFLW2000/image00043.jpg 32 29 33
AFLW2000/image02782.jpg 46 34 33
AFLW2000/image01058.jpg 38 33 33
AFLW2000/image02313.jpg 31 33 36
AFLW2000/image03756.jpg 39 32 28
AFLW2000/image00296.jpg 26 26 38
AFLW2000/image03917.jpg 28 30 34
AFLW2000/image01292.jpg 32 31 33
AFLW2000/image02291.jpg 19 37 30
AFLW2000/image01633.jpg 55 17 21
AFLW2000/image00028.jpg 35 31 34
AFLW2000/image03480.jpg 32 27 35
AFLW2000/image03586.jpg 37 25 36
AFLW2000/image00954.jpg 30 30 44
AFLW2000/image02677.jpg 62 57 60
AFLW2000/image01362.jpg 28 34 32
AFLW2000/image02242.jpg 24 28 35
AFLW2000/image02195.jpg 29 30 30
AFLW2000/image00586.jpg 47 41 36
AFLW2000/image01368.jpg 26 33 33
AFLW2000/image02308.jpg 30 29 35
AFLW2000/image01141.jpg 31 27 33
AFLW2000/image02367.jpg 54 36 32
AFLW2000/image00251.jpg 15 36 29
AFLW2000/image03150.jpg 49 27 30
AFLW2000/image03116.jpg 22 27 53
AFLW2000/image02133.jpg 40 28 26
AFLW2000/image03196.jpg 15 43 26
AFLW2000/image01657.jpg 58 40 42
AFLW2000/image01857.jpg 21 26 33
AFLW2000/image03427.jpg 31 34 31
AFLW2000/image02856.jpg 40 33 36
AFLW2000/image02643.jpg 35 37 31
AFLW2000/image03560.jpg 42 32 36
AFLW2000/image00183.jpg 29 35 30
AFLW2000/image00825.jpg 11 39 30
AFLW2000/image00661.jpg 22 25 41
AFLW2000/image00004.jpg 56 42 39
AFLW2000/image03233.jpg 25 34 31
AFLW2000/image02300.jpg 55 29 29
AFLW2000/image01540.jpg 45 35 35
AFLW2000/image00903.jpg 23 37 28
AFLW2000/image00559.jpg 36 30 33
AFLW2000/image03949.jpg 35 27 33
AFLW2000/image01419.jpg 58 27 22
AFLW2000/image01823.jpg 13 24 48
AFLW2000/image00968.jpg 31 32 36
AFLW2000/image01146.jpg 33 32 33
AFLW2000/image00214.jpg 35 29 28
AFLW2000/image04262.jpg 40 36 35
AFLW2000/image02648.jpg 9 32 37
AFLW2000/image02907.jpg 52 37 38
AFLW2000/image01065.jpg 38 40 29
AFLW2000/image01084.jpg 32 30 34
AFLW2000/image04274.jpg 35 28 39
AFLW2000/image03968.jpg 9 46 19
AFLW2000/image02899.jpg 32 30 31
AFLW2000/image01173.jpg 26 25 40
AFLW2000/image00690.jpg 34 27 33
AFLW2000/image00168.jpg 24 29 35
AFLW2000/image01470.jpg 30 25 36
AFLW2000/image00246.jpg 27 33 35
AFLW2000/image00047.jpg 31 33 37
AFLW2000/image02245.jpg 38 31 35
AFLW2000/image04036.jpg 52 34 34
AFLW2000/image01480.jpg 29 29 32
AFLW2000/image03212.jpg 34 29 34
AFLW2000/image00538.jpg 29 34 37
AFLW2000/image01017.jpg 11 27 41
AFLW2000/image00872.jpg 41 24 29
AFLW2000/image03372.jpg 34 34 29
AFLW2000/image01847.jpg 8 48 21
AFLW2000/image00849.jpg 35 33 34
AFLW2000/image00222.jpg 39 28 28
AFLW2000/image01751.jpg 50 22 21
AFLW2000/image00976.jpg 34 27 36
AFLW2000/image04345.jpg 28 28 34
AFLW2000/image03561.jpg 21 27 32
AFLW2000/image01591.jpg 56 42 41
AFLW2000/image01319.jpg 38 36 34
AFLW2000/image04028.jpg 33 30 35
AFLW2000/image00984.jpg 36 37 24
AFLW2000/image00727.jpg 41 33 26
AFLW2000/image00197.jpg 42 35 32
AFLW2000/image02604.jpg 10 44 22
AFLW2000/image00918.jpg 33 29 33
AFLW2000/image00808.jpg 52 24 22
AFLW2000/image02094.jpg 58 21 22
AFLW2000/image01989.jpg 27 34 36
AFLW2000/image00351.jpg 31 30 35
AFLW2000/image01124.jpg 40 30 28
AFLW2000/image02249.jpg 9 40 26
AFLW2000/image04091.jpg 37 38 33
AFLW2000/image01217.jpg 35 30 34
AFLW2000/image00985.jpg 38 31 30
AFLW2000/image03542.jpg 24 31 32
AFLW2000/image03360.jpg 39 28 29
AFLW2000/image03044.jpg 27 31 27
AFLW2000/image01630.jpg 44 41 38
AFLW2000/image03671.jpg 19 34 30
AFLW2000/image03930.jpg 28 42 39
AFLW2000/image01407.jpg 34 34 34
AFLW2000/image01126.jpg 56 18 12
AFLW2000/image03640.jpg 21 28 39
AFLW2000/image04215.jpg 61 13 9
AFLW2000/image03016.jpg 24 32 25
AFLW2000/image00783.jpg 34 31 32
AFLW2000/image03026.jpg 38 27 24
AFLW2000/image00376.jpg 25 36 29
AFLW2000/image02660.jpg 55 22 23
AFLW2000/image01790.jpg 59 49 49
AFLW2000/image04304.jpg 37 30 22
AFLW2000/image02076.jpg 35 31 41
AFLW2000/image03778.jpg 38 30 40
AFLW2000/image02536.jpg 46 24 18
AFLW2000/image00636.jpg 16 36 33
AFLW2000/image02122.jpg 48 25 26
AFLW2000/image00254.jpg 32 31 40
AFLW2000/image00331.jpg 37 36 28
AFLW2000/image02769.jpg 49 22 24
AFLW2000/image00580.jpg 33 29 34
AFLW2000/image04112.jpg 9 26 43
AFLW2000/image01461.jpg 53 24 26
AFLW2000/image02450.jpg 49 39 34
AFLW2000/image02674.jpg 17 33 33
AFLW2000/image03626.jpg 33 33 34
AFLW2000/image00079.jpg 32 28 31
AFLW2000/image01578.jpg 44 29 33
AFLW2000/image02190.jpg 57 14 6
AFLW2000/image02959.jpg 7 54 10
AFLW2000/image01571.jpg 18 30 39
AFLW2000/image03775.jpg 29 31 35
AFLW2000/image01791.jpg 61 9 9
AFLW2000/image00514.jpg 32 44 36
AFLW2000/image01164.jpg 34 34 34
AFLW2000/image00299.jpg 31 34 34
AFLW2000/image04333.jpg 43 22 27
AFLW2000/image00279.jpg 43 28 37
AFLW2000/image03227.jpg 24 31 37
AFLW2000/image03928.jpg 22 23 38
AFLW2000/image02243.jpg 15 40 24
AFLW2000/image03442.jpg 31 33 37
AFLW2000/image03811.jpg 39 33 39
AFLW2000/image01483.jpg 41 34 34
AFLW2000/image03061.jpg 43 33 28
AFLW2000/image03590.jpg 26 21 34
AFLW2000/image04230.jpg 38 29 35
AFLW2000/image01477.jpg 23 28 35
AFLW2000/image03250.jpg 35 35 31
AFLW2000/image03907.jpg 34 41 35
AFLW2000/image02277.jpg 50 24 28
AFLW2000/image02847.jpg 50 38 39
AFLW2000/image03265.jpg 28 27 32
AFLW2000/image01699.jpg 58 27 28
AFLW2000/image01947.jpg 22 31 35
AFLW2000/image03748.jpg 33 28 36
AFLW2000/image03597.jpg 11 50 25
AFLW2000/image00065.jpg 34 31 35
AFLW2000/image00468.jpg 56 34 32
AFLW2000/image00074.jpg 54 33 34
AFLW2000/image03282.jpg 8 44 23
AFLW2000/image04102.jpg 36 27 29
AFLW2000/image02071.jpg 30 29 43
AFLW2000/image03539.jpg 41 32 30
AFLW2000/image03822.jpg 36 29 40
AFLW2000/image03786.jpg 26 42 29
AFLW2000/image00256.jpg 47 30 28
AFLW2000/image00231.jpg 40 31 31
AFLW2000/image00459.jpg 32 25 40
AFLW2000/image00840.jpg 25 30 37
AFLW2000/image00793.jpg 35 27 31
AFLW2000/image01431.jpg 32 36 25
AFLW2000/image00695.jpg 22 35 21
AFLW2000/image03079.jpg 31 35 33
AFLW2000/image00359.jpg 32 34 29
AFLW2000/image00329.jpg 37 42 37
AFLW2000/image00332.jpg 32 35 39
AFLW2000/image03631.jpg 31 38 35
AFLW2000/image01507.jpg 40 36 34
AFLW2000/image04363.jpg 6 29 37
AFLW2000/image03766.jpg 35 32 37
AFLW2000/image03984.jpg 32 30 34
AFLW2000/image02128.jpg 28 31 29
AFLW2000/image00839.jpg 35 30 34
AFLW2000/image00120.jpg 12 30 48
AFLW2000/image00685.jpg 31 24 34
AFLW2000/image02691.jpg 42 35 35
AFLW2000/image01945.jpg 52 38 29
AFLW2000/image01565.jpg 29 33 38
AFLW2000/image03876.jpg 42 28 34
AFLW2000/image00303.jpg 35 44 33
AFLW2000/image03966.jpg 28 31 31
AFLW2000/image04236.jpg 52 40 37
AFLW2000/image00046.jpg 28 28 35
AFLW2000/image02565.jpg 35 34 32
AFLW2000/image03006.jpg 20 32 35
AFLW2000/image03048.jpg 35 36 38
AFLW2000/image01643.jpg 40 27 31
AFLW2000/image02518.jpg 34 31 37
AFLW2000/image02059.jpg 38 28 31
AFLW2000/image04179.jpg 29 25 32
AFLW2000/image00557.jpg 25 37 33
AFLW2000/image02054.jpg 40 27 26
AFLW2000/image03081.jpg 34 25 33
AFLW2000/image03588.jpg 34 24 45
AFLW2000/image02869.jpg 39 34 27
AFLW2000/image00682.jpg 40 36 34
AFLW2000/image01504.jpg 49 33 34
AFLW2000/image03676.jpg 15 43 30
AFLW2000/image00449.jpg 36 34 34
AFLW2000/image01268.jpg 34 32 33
AFLW2000/image02608.jpg 56 35 35
AFLW2000/image02239.jpg 27 30 41
AFLW2000/image02312.jpg 34 32 33
AFLW2000/image01829.jpg 10 34 31
AFLW2000/image03543.jpg 27 29 37
AFLW2000/image00741.jpg 29 32 33
AFLW2000/image02758.jpg 56 41 41
AFLW2000/image02659.jpg 16 39 32
AFLW2000/image00263.jpg 21 26 33
AFLW2000/image03190.jpg 34 29 35
AFLW2000/image03793.jpg 42 30 30
AFLW2000/image00787.jpg 43 36 25
AFLW2000/image00234.jpg 34 29 32
AFLW2000/image00075.jpg 37 23 28
AFLW2000/image00330.jpg 18 45 21
AFLW2000/image00144.jpg 33 34 29
AFLW2000/image01071.jpg 37 23 39
AFLW2000/image03765.jpg 28 33 37
AFLW2000/image01784.jpg 25 26 33
AFLW2000/image00562.jpg 37 36 47
AFLW2000/image01925.jpg 32 28 34
AFLW2000/image02219.jpg 27 33 38
AFLW2000/image01095.jpg 55 20 16
AFLW2000/image03102.jpg 36 38 24
AFLW2000/image00445.jpg 25 29 36
AFLW2000/image00609.jpg 37 29 37
AFLW2000/image00289.jpg 25 30 31
AFLW2000/image01642.jpg 11 31 33
AFLW2000/image02579.jpg 58 33 28
AFLW2000/image00391.jpg 32 27 34
AFLW2000/image01869.jpg 56 39 32
AFLW2000/image03814.jpg 29 34 37
AFLW2000/image02458.jpg 19 33 36
AFLW2000/image04075.jpg 31 32 33
AFLW2000/image03281.jpg 33 30 30
AFLW2000/image04196.jpg 41 31 34
AFLW2000/image03674.jpg 24 31 37
AFLW2000/image00375.jpg 44 28 25
AFLW2000/image00516.jpg 22 33 35
AFLW2000/image02024.jpg 41 39 30
AFLW2000/image01809.jpg 34 30 32
AFLW2000/image01366.jpg 38 35 33
AFLW2000/image02244.jpg 54 43 48
AFLW2000/image02344.jpg 33 30 34
AFLW2000/image02138.jpg 42 34 35
AFLW2000/image00617.jpg 33 31 0
AFLW2000/image02283.jpg 29 34 34
AFLW2000/image01427.jpg 36 37 35
AFLW2000/image00087.jpg 36 32 33
AFLW2000/image03711.jpg 32 29 34
AFLW2000/image00298.jpg 59 31 33
AFLW2000/image01093.jpg 40 28 27
AFLW2000/image03772.jpg 38 29 37
AFLW2000/image02332.jpg 41 30 26
AFLW2000/image00477.jpg 61 52 51
AFLW2000/image00187.jpg 32 40 34
AFLW2000/image00186.jpg 41 29 31
AFLW2000/image03263.jpg 47 25 28
AFLW2000/image03391.jpg 38 31 28
AFLW2000/image03264.jpg 39 26 31
AFLW2000/image00507.jpg 47 39 38
AFLW2000/image00059.jpg 32 31 36
AFLW2000/image00482.jpg 59 42 42
AFLW2000/image02273.jpg 43 27 28
AFLW2000/image00255.jpg 33 33 32
AFLW2000/image01733.jpg 14 33 34
AFLW2000/image03754.jpg 32 30 28
AFLW2000/image01796.jpg 59 32 32
AFLW2000/image03421.jpg 18 22 39
AFLW2000/image03826.jpg 38 32 36
AFLW2000/image04307.jpg 8 37 38
AFLW2000/image04278.jpg 35 29 33
AFLW2000/image00239.jpg 27 28 21
AFLW2000/image01922.jpg 28 31 48
AFLW2000/image03852.jpg 34 28 31
AFLW2000/image00747.jpg 38 29 26
AFLW2000/image02099.jpg 54 33 36
AFLW2000/image00235.jpg 13 43 26
AFLW2000/image03692.jpg 42 26 33
AFLW2000/image03885.jpg 7 32 36
AFLW2000/image02616.jpg 46 29 29
AFLW2000/image01466.jpg 25 31 36
AFLW2000/image04295.jpg 47 32 28
AFLW2000/image04286.jpg 46 43 35
AFLW2000/image00151.jpg 46 33 40
AFLW2000/image03389.jpg 42 31 32
AFLW2000/image01738.jpg 49 33 34
AFLW2000/image03957.jpg 6 31 37
AFLW2000/image00140.jpg 29 33 36
AFLW2000/image00585.jpg 37 31 46
AFLW2000/image00483.jpg 41 33 36
AFLW2000/image03103.jpg 34 34 29
AFLW2000/image01785.jpg 16 32 32
AFLW2000/image03109.jpg 46 31 27
AFLW2000/image00311.jpg 40 24 23
AFLW2000/image00549.jpg 30 35 34
AFLW2000/image00045.jpg 32 30 37
AFLW2000/image00838.jpg 26 33 34
AFLW2000/image03665.jpg 40 29 23
AFLW2000/image01070.jpg 36 43 47
AFLW2000/image03637.jpg 32 33 35
AFLW2000/image00048.jpg 35 33 35
AFLW2000/image02286.jpg 34 28 26
AFLW2000/image04238.jpg 36 36 28
AFLW2000/image01700.jpg 12 40 29
AFLW2000/image02750.jpg 47 29 36
AFLW2000/image03798.jpg 34 29 44
AFLW2000/image00137.jpg 13 35 32
AFLW2000/image00064.jpg 33 36 34
AFLW2000/image03799.jpg 30 30 26
AFLW2000/image01129.jpg 27 32 48
AFLW2000/image00174.jpg 33 26 35
AFLW2000/image00836.jpg 35 28 48
AFLW2000/image01032.jpg 35 32 33
AFLW2000/image02317.jpg 20 34 28
AFLW2000/image02032.jpg 33 30 44
AFLW2000/image00092.jpg 33 28 33
AFLW2000/image02212.jpg 24 28 38
AFLW2000/image04269.jpg 11 41 25
AFLW2000/image04314.jpg 33 27 33
AFLW2000/image02284.jpg 35 31 32
AFLW2000/image01647.jpg 31 31 33
AFLW2000/image00199.jpg 27 31 34
AFLW2000/image02646.jpg 20 32 37
AFLW2000/image01698.jpg 38 37 56
AFLW2000/image04144.jpg 41 34 35
AFLW2000/image00269.jpg 33 28 31
AFLW2000/image02490.jpg 30 33 31
AFLW2000/image03675.jpg 33 32 36
AFLW2000/image01556.jpg 17 29 42
AFLW2000/image03376.jpg 30 29 33
AFLW2000/image00785.jpg 41 30 23
AFLW2000/image04301.jpg 30 29 34
AFLW2000/image01839.jpg 6 22 44
AFLW2000/image02379.jpg 33 29 34
AFLW2000/image01606.jpg 52 37 30
AFLW2000/image02058.jpg 15 28 41
AFLW2000/image04210.jpg 26 32 26
AFLW2000/image01604.jpg 8 24 44
AFLW2000/image04018.jpg 26 27 44
AFLW2000/image04124.jpg 30 35 34
AFLW2000/image04240.jpg 53 30 31
AFLW2000/image03346.jpg 30 31 34
AFLW2000/image00967.jpg 41 31 31
AFLW2000/image03835.jpg 35 30 41
AFLW2000/image02049.jpg 42 27 42
AFLW2000/image01736.jpg 58 26 26
AFLW2000/image01350.jpg 37 33 33
AFLW2000/image02256.jpg 33 26 34
AFLW2000/image03454.jpg 45 30 34
AFLW2000/image02653.jpg 34 32 34
AFLW2000/image01770.jpg 37 35 35
AFLW2000/image00824.jpg 34 27 34
AFLW2000/image00336.jpg 10 28 48
AFLW2000/image02795.jpg 26 31 23
AFLW2000/image00797.jpg 42 30 37
AFLW2000/image00911.jpg 31 26 35
AFLW2000/image00316.jpg 33 32 34
AFLW2000/image00099.jpg 44 36 25
AFLW2000/image03559.jpg 48 32 38
AFLW2000/image00981.jpg 22 15 47
AFLW2000/image02617.jpg 10 31 33
AFLW2000/image01802.jpg 31 32 33
AFLW2000/image00515.jpg 38 30 32
AFLW2000/image03946.jpg 31 32 33
AFLW2000/image02474.jpg 58 50 41
AFLW2000/image01879.jpg 19 33 35
AFLW2000/image01205.jpg 43 32 35
AFLW2000/image02631.jpg 13 27 41
AFLW2000/image01496.jpg 42 38 37
AFLW2000/image02740.jpg 28 30 46
AFLW2000/image02650.jpg 57 40 38
AFLW2000/image02773.jpg 20 62 3
AFLW2000/image03853.jpg 40 27 32
AFLW2000/image01985.jpg 6 48 21
AFLW2000/image03322.jpg 23 37 32
AFLW2000/image00362.jpg 32 34 31
AFLW2000/image01294.jpg 21 26 38
AFLW2000/image00080.jpg 34 37 33
AFLW2000/image03520.jpg 22 23 55
AFLW2000/image00442.jpg 24 31 37
AFLW2000/image00898.jpg 28 38 33
AFLW2000/image04040.jpg 48 41 36
AFLW2000/image00574.jpg 33 33 33
AFLW2000/image02686.jpg 40 29 18
AFLW2000/image02985.jpg 32 32 38
AFLW2000/image03216.jpg 22 29 40
AFLW2000/image02116.jpg 17 27 39
AFLW2000/image03967.jpg 28 29 38
AFLW2000/image00663.jpg 31 34 32
AFLW2000/image02996.jpg 41 37 27
AFLW2000/image03812.jpg 36 32 37
AFLW2000/image02763.jpg 25 37 17
AFLW2000/image03562.jpg 24 32 26
AFLW2000/image03810.jpg 30 32 25
AFLW2000/image01085.jpg 27 27 32
AFLW2000/image00855.jpg 39 31 31
AFLW2000/image03896.jpg 39 29 30
AFLW2000/image03506.jpg 32 31 31
AFLW2000/image03745.jpg 39 30 42
AFLW2000/image00233.jpg 28 31 33
AFLW2000/image03808.jpg 30 31 35
AFLW2000/image02145.jpg 41 32 33
AFLW2000/image02522.jpg 57 17 19
AFLW2000/image01765.jpg 39 31 38
AFLW2000/image01014.jpg 28 37 32
AFLW2000/image03747.jpg 30 26 32
AFLW2000/image01986.jpg 25 30 38
AFLW2000/image03386.jpg 33 34 32
AFLW2000/image03782.jpg 56 36 26
AFLW2000/image03452.jpg 19 36 33
AFLW2000/image03670.jpg 29 29 37
AFLW2000/image04275.jpg 11 40 29
AFLW2000/image03101.jpg 11 49 29
AFLW2000/image03704.jpg 32 33 32
AFLW2000/image01797.jpg 19 27 38
AFLW2000/image02014.jpg 39 24 27
AFLW2000/image02339.jpg 35 31 33
AFLW2000/image00995.jpg 30 34 32
AFLW2000/image01605.jpg 34 28 34
AFLW2000/image00387.jpg 36 29 31
AFLW2000/image01469.jpg 29 26 36
AFLW2000/image01593.jpg 13 19 48
AFLW2000/image01745.jpg 33 25 33
AFLW2000/image02355.jpg 36 30 37
AFLW2000/image01054.jpg 47 40 34
AFLW2000/image04259.jpg 35 33 33
AFLW2000/image03451.jpg 34 33 32
AFLW2000/image00057.jpg 32 33 35
AFLW2000/image03286.jpg 52 0 5
AFLW2000/image00209.jpg 33 31 45
AFLW2000/image04019.jpg 47 46 32
AFLW2000/image02080.jpg 34 30 42
AFLW2000/image01324.jpg 30 36 34
AFLW2000/image04332.jpg 42 28 24
AFLW2000/image01410.jpg 36 31 34
AFLW2000/image00691.jpg 29 30 33
AFLW2000/image01182.jpg 39 34 35
AFLW2000/image04294.jpg 21 31 31
AFLW2000/image00347.jpg 28 32 33
AFLW2000/image04292.jpg 29 39 36
AFLW2000/image01953.jpg 32 29 34
AFLW2000/image03753.jpg 39 28 32
AFLW2000/image03364.jpg 40 36 35
AFLW2000/image03716.jpg 30 27 31
AFLW2000/image03010.jpg 42 31 36
AFLW2000/image03615.jpg 50 28 29
AFLW2000/image01329.jpg 36 37 34
AFLW2000/image03057.jpg 52 44 46
AFLW2000/image03866.jpg 34 30 29
AFLW2000/image02494.jpg 33 38 32
AFLW2000/image02553.jpg 57 32 31
AFLW2000/image01919.jpg 44 32 33
AFLW2000/image03457.jpg 24 33 32
AFLW2000/image04355.jpg 24 33 28
AFLW2000/image01980.jpg 32 30 32
AFLW2000/image03854.jpg 50 37 29
AFLW2000/image04250.jpg 36 33 31
AFLW2000/image00410.jpg 25 26 34
AFLW2000/image00088.jpg 60 3 0
AFLW2000/image00448.jpg 24 28 36
AFLW2000/image02359.jpg 55 34 34
AFLW2000/image02689.jpg 27 38 26
AFLW2000/image00022.jpg 57 38 37
AFLW2000/image00374.jpg 27 40 25
AFLW2000/image03802.jpg 34 31 37
AFLW2000/image02647.jpg 52 28 29
AFLW2000/image02030.jpg 40 39 29
AFLW2000/image03800.jpg 39 32 25
AFLW2000/image04172.jpg 16 28 46
AFLW2000/image01215.jpg 31 30 33
AFLW2000/image01514.jpg 35 30 33
AFLW2000/image03390.jpg 38 35 34
AFLW2000/image00612.jpg 35 27 31
AFLW2000/image00430.jpg 35 45 36
AFLW2000/image00795.jpg 45 46 32
AFLW2000/image00534.jpg 28 36 42
AFLW2000/image03571.jpg 42 31 37
AFLW2000/image01298.jpg 41 29 27
AFLW2000/image02664.jpg 34 32 29
AFLW2000/image01106.jpg 39 36 32
AFLW2000/image01031.jpg 34 30 33
AFLW2000/image00862.jpg 38 42 49
AFLW2000/image02957.jpg 57 47 47
AFLW2000/image01178.jpg 34 29 33
AFLW2000/image00931.jpg 42 30 30
AFLW2000/image02215.jpg 22 29 41
AFLW2000/image02752.jpg 26 32 33
AFLW2000/image02747.jpg 35 36 32
AFLW2000/image02746.jpg 58 33 31
AFLW2000/image01290.jpg 34 27 35
AFLW2000/image04243.jpg 51 15 14
AFLW2000/image02696.jpg 37 28 31
AFLW2000/image01246.jpg 25 35 35
AFLW2000/image03764.jpg 35 29 33
AFLW2000/image00933.jpg 41 30 29
AFLW2000/image01387.jpg 40 34 33
AFLW2000/image03783.jpg 28 36 37
AFLW2000/image01253.jpg 27 29 36
AFLW2000/image00607.jpg 35 30 31
AFLW2000/image03414.jpg 33 30 32
AFLW2000/image03806.jpg 41 34 30
AFLW2000/image02540.jpg 59 34 37
AFLW2000/image02381.jpg 42 30 23
AFLW2000/image00093.jpg 34 31 33
AFLW2000/image02713.jpg 57 30 31
AFLW2000/image00437.jpg 51 32 26
AFLW2000/image02753.jpg 57 47 50
AFLW2000/image00598.jpg 36 30 33
AFLW2000/image00896.jpg 38 33 33
AFLW2000/image00466.jpg 34 31 34
AFLW2000/image03283.jpg 8 3 60
AFLW2000/image01442.jpg 39 27 33
AFLW2000/image00287.jpg 36 31 37
AFLW2000/image02711.jpg 38 31 41
AFLW2000/image00055.jpg 35 32 33
AFLW2000/image03179.jpg 17 32 38
AFLW2000/image01975.jpg 31 25 33
AFLW2000/image01943.jpg 51 31 31
AFLW2000/image04325.jpg 32 26 36
AFLW2000/image02327.jpg 50 40 38
AFLW2000/image03054.jpg 24 32 36
AFLW2000/image01670.jpg 23 33 34
AFLW2000/image03545.jpg 30 32 35
AFLW2000/image01901.jpg 37 40 37
AFLW2000/image00204.jpg 27 34 11
AFLW2000/image00360.jpg 32 32 31
AFLW2000/image02727.jpg 58 25 26
AFLW2000/image02259.jpg 35 28 29
AFLW2000/image00494.jpg 34 32 36
AFLW2000/image02456.jpg 38 25 30
AFLW2000/image00989.jpg 30 29 44
AFLW2000/image03444.jpg 37 36 30
AFLW2000/image03781.jpg 35 31 38
AFLW2000/image00626.jpg 52 21 20
AFLW2000/image00814.jpg 35 22 32
AFLW2000/image00806.jpg 33 30 33
AFLW2000/image03714.jpg 30 24 24
AFLW2000/image00610.jpg 11 28 33
AFLW2000/image02165.jpg 40 32 34
AFLW2000/image03934.jpg 45 31 36
AFLW2000/image00841.jpg 29 27 37
AFLW2000/image01028.jpg 38 29 29
AFLW2000/image01795.jpg 8 41 24
AFLW2000/image02448.jpg 6 11 54
AFLW2000/image03703.jpg 31 35 25
AFLW2000/image02039.jpg 34 30 34
AFLW2000/image03462.jpg 12 40 33
AFLW2000/image03472.jpg 22 39 28
AFLW2000/image03199.jpg 46 22 25
AFLW2000/image01161.jpg 25 35 25
AFLW2000/image02027.jpg 35 45 32
AFLW2000/image03516.jpg 16 40 38
AFLW2000/image02214.jpg 33 35 7
AFLW2000/image00367.jpg 29 33 35
AFLW2000/image01438.jpg 40 25 33
AFLW2000/image00861.jpg 52 38 26
AFLW2000/image00237.jpg 37 29 31
AFLW2000/image00440.jpg 43 30 23
AFLW2000/image00013.jpg 34 33 29
AFLW2000/image04316.jpg 13 33 32
AFLW2000/image00202.jpg 31 34 28
AFLW2000/image00044.jpg 33 32 33
AFLW2000/image03350.jpg 29 40 32
AFLW2000/image03186.jpg 27 36 30
AFLW2000/image00431.jpg 29 33 36
AFLW2000/image02698.jpg 57 49 52
AFLW2000/image02373.jpg 59 15 15
AFLW2000/image01113.jpg 30 42 31
AFLW2000/image01811.jpg 34 36 31
AFLW2000/image01934.jpg 27 33 44
AFLW2000/image00700.jpg 29 28 32
AFLW2000/image04311.jpg 30 32 34
AFLW2000/image00960.jpg 41 32 32
AFLW2000/image02958.jpg 56 7 0
AFLW2000/image04277.jpg 37 28 29
AFLW2000/image03785.jpg 37 40 34
AFLW2000/image02870.jpg 35 26 34
AFLW2000/image00813.jpg 18 30 40
AFLW2000/image03555.jpg 49 36 42
AFLW2000/image03443.jpg 34 34 32
AFLW2000/image03461.jpg 21 38 34
AFLW2000/image01941.jpg 14 41 26
AFLW2000/image00066.jpg 34 31 37
AFLW2000/image02421.jpg 35 36 35
AFLW2000/image00176.jpg 45 30 31
AFLW2000/image00724.jpg 38 43 31
AFLW2000/image03873.jpg 19 32 32
AFLW2000/image02602.jpg 16 24 41
AFLW2000/image03804.jpg 30 32 34
AFLW2000/image00429.jpg 49 27 25
AFLW2000/image00723.jpg 35 30 29
AFLW2000/image00830.jpg 43 29 30
AFLW2000/image01639.jpg 50 34 32
AFLW2000/image03666.jpg 43 31 26
AFLW2000/image00060.jpg 31 34 36
AFLW2000/image01112.jpg 35 34 31
AFLW2000/image01033.jpg 35 29 31
AFLW2000/image03045.jpg 33 26 34
AFLW2000/image00143.jpg 8 34 40
AFLW2000/image01474.jpg 23 32 33
AFLW2000/image01874.jpg 31 27 46
AFLW2000/image01896.jpg 29 32 33
AFLW2000/image04111.jpg 55 28 27
AFLW2000/image03963.jpg 38 26 26
AFLW2000/image02268.jpg 53 31 30
AFLW2000/image03707.jpg 33 33 28
AFLW2000/image03874.jpg 52 25 27
AFLW2000/image01003.jpg 36 30 33
AFLW2000/image01671.jpg 60 6 4
AFLW2000/image01152.jpg 35 39 34
AFLW2000/image02625.jpg 45 36 35
AFLW2000/image02820.jpg 31 30 29
AFLW2000/image01331.jpg 35 33 32
AFLW2000/image00334.jpg 44 33 38
AFLW2000/image01232.jpg 23 34 35
AFLW2000/image02455.jpg 32 33 38
AFLW2000/image04358.jpg 32 30 36
AFLW2000/image04229.jpg 52 32 29
AFLW2000/image02029.jpg 40 41 29
AFLW2000/image03208.jpg 53 34 41
AFLW2000/image00689.jpg 33 31 33
AFLW2000/image01059.jpg 40 31 32
AFLW2000/image02704.jpg 38 35 37
AFLW2000/image00433.jpg 11 26 42
AFLW2000/image00600.jpg 35 29 24
AFLW2000/image01686.jpg 54 23 27
AFLW2000/image01280.jpg 30 30 35
AFLW2000/image03774.jpg 41 35 34
AFLW2000/image04062.jpg 33 34 33
AFLW2000/image00740.jpg 30 25 34
AFLW2000/image00520.jpg 28 25 35
AFLW2000/image03654.jpg 34 26 37
AFLW2000/image03794.jpg 37 31 36
AFLW2000/image03712.jpg 29 31 37
AFLW2000/image00713.jpg 35 42 34
AFLW2000/image04126.jpg 19 35 32
AFLW2000/image01220.jpg 49 36 33
AFLW2000/image03498.jpg 21 36 36
AFLW2000/image00632.jpg 36 36 34
AFLW2000/image00081.jpg 39 35 33
AFLW2000/image01649.jpg 59 53 53
AFLW2000/image00290.jpg 61 67 67
AFLW2000/image00139.jpg 61 67 67
AFLW2000/image01406.jpg 48 28 26
AFLW2000/image00476.jpg 13 16 45
AFLW2000/image01900.jpg 16 23 42
AFLW2000/image02960.jpg 56 30 32
AFLW2000/image01453.jpg 41 31 27
AFLW2000/image03977.jpg 35 35 33
AFLW2000/image00893.jpg 31 32 37
AFLW2000/image01063.jpg 32 30 34
AFLW2000/image00497.jpg 37 48 5
AFLW2000/image01340.jpg 27 27 34
AFLW2000/image00104.jpg 27 41 31
AFLW2000/image02197.jpg 33 41 30
AFLW2000/image03400.jpg 33 30 30
AFLW2000/image01109.jpg 42 32 32
AFLW2000/image01828.jpg 34 36 29
AFLW2000/image00909.jpg 34 24 32
AFLW2000/image01283.jpg 18 35 36
AFLW2000/image02420.jpg 57 30 31
AFLW2000/image01950.jpg 7 10 54
AFLW2000/image01586.jpg 8 23 44
AFLW2000/image02252.jpg 53 23 23
AFLW2000/image00778.jpg 35 37 35
AFLW2000/image00648.jpg 28 30 37
AFLW2000/image00470.jpg 52 28 30
AFLW2000/image03971.jpg 29 40 39
AFLW2000/image03174.jpg 6 65 0
AFLW2000/image03568.jpg 32 30 35
AFLW2000/image00321.jpg 32 32 33
AFLW2000/image00312.jpg 9 38 33
AFLW2000/image03730.jpg 34 31 37
AFLW2000/image00623.jpg 15 25 41
AFLW2000/image00165.jpg 33 30 34
AFLW2000/image02947.jpg 48 31 29
AFLW2000/image00421.jpg 61 24 26
AFLW2000/image02637.jpg 32 30 23
AFLW2000/image03237.jpg 49 26 34
AFLW2000/image03719.jpg 43 32 36
AFLW2000/image03572.jpg 35 29 23
AFLW2000/image01315.jpg 27 36 39
AFLW2000/image02824.jpg 34 33 31
AFLW2000/image00566.jpg 34 40 33
AFLW2000/image04365.jpg 11 25 42
AFLW2000/image00518.jpg 33 38 31
AFLW2000/image01433.jpg 36 35 32
AFLW2000/image03004.jpg 37 35 34
AFLW2000/image01328.jpg 35 34 34
AFLW2000/image01025.jpg 38 28 27
AFLW2000/image01066.jpg 34 37 26
AFLW2000/image01008.jpg 35 34 34
AFLW2000/image00395.jpg 50 31 36
AFLW2000/image00328.jpg 32 29 34
AFLW2000/image02663.jpg 37 30 30
AFLW2000/image00564.jpg 35 33 43
AFLW2000/image02840.jpg 34 28 28
AFLW2000/image00150.jpg 67 0 0
AFLW2000/image03809.jpg 43 32 18
AFLW2000/image03570.jpg 29 29 36
AFLW2000/image00217.jpg 31 32 41
AFLW2000/image00348.jpg 14 45 26
AFLW2000/image03926.jpg 30 29 37
AFLW2000/image02449.jpg 7 33 35
AFLW2000/image00902.jpg 26 40 26
AFLW2000/image02547.jpg 22 31 30
AFLW2000/image00023.jpg 40 30 26
AFLW2000/image03247.jpg 29 31 35
AFLW2000/image03964.jpg 37 32 24
AFLW2000/image01842.jpg 17 38 28
AFLW2000/image03538.jpg 40 30 34
AFLW2000/image00972.jpg 35 35 32
AFLW2000/image03014.jpg 40 27 23
AFLW2000/image01092.jpg 46 36 31
AFLW2000/image03273.jpg 9 67 0
AFLW2000/image03375.jpg 32 31 33
AFLW2000/image03270.jpg 43 28 31
AFLW2000/image03739.jpg 31 29 42
AFLW2000/image03709.jpg 31 29 29
AFLW2000/image00338.jpg 56 46 40
AFLW2000/image02482.jpg 26 31 32
AFLW2000/image01181.jpg 38 33 32
AFLW2000/image02605.jpg 40 32 29
AFLW2000/image00788.jpg 33 33 31
AFLW2000/image00831.jpg 10 15 57
AFLW2000/image01120.jpg 32 29 34
AFLW2000/image01163.jpg 33 28 35
AFLW2000/image03932.jpg 33 35 33
AFLW2000/image01128.jpg 33 33 34
AFLW2000/image01375.jpg 26 29 34
AFLW2000/image03933.jpg 51 24 23
AFLW2000/image00108.jpg 61 32 33
AFLW2000/image00863.jpg 33 34 33
AFLW2000/image02100.jpg 24 27 37
AFLW2000/image03163.jpg 55 30 29
AFLW2000/image03639.jpg 37 32 32
AFLW2000/image02632.jpg 13 43 33
AFLW2000/image00035.jpg 24 25 43
AFLW2000/image02000.jpg 58 0 2
AFLW2000/image04087.jpg 38 27 29
AFLW2000/image00533.jpg 35 24 26
AFLW2000/image02971.jpg 32 27 33
AFLW2000/image00491.jpg 39 33 21
AFLW2000/image01421.jpg 34 40 28
AFLW2000/image00036.jpg 56 23 25
AFLW2000/image01352.jpg 28 29 33
AFLW2000/image01775.jpg 33 30 33
AFLW2000/image00400.jpg 0 14 51
AFLW2000/image01077.jpg 33 32 33
AFLW2000/image01171.jpg 28 30 37
AFLW2000/image01040.jpg 24 33 32
AFLW2000/image00042.jpg 33 30 31
AFLW2000/image00764.jpg 33 32 33
AFLW2000/image03482.jpg 48 46 43
AFLW2000/image04128.jpg 24 36 43
AFLW2000/image00555.jpg 34 34 29
AFLW2000/image03883.jpg 32 28 33
AFLW2000/image02075.jpg 48 27 30
AFLW2000/image04078.jpg 47 31 26
AFLW2000/image03718.jpg 38 32 34
AFLW2000/image02142.jpg 32 34 33
AFLW2000/image02533.jpg 50 41 37
AFLW2000/image01974.jpg 33 30 34
AFLW2000/image00761.jpg 35 33 32
AFLW2000/image02016.jpg 14 27 42
AFLW2000/image00056.jpg 34 33 34
AFLW2000/image00888.jpg 14 22 44
AFLW2000/image02218.jpg 32 35 36
AFLW2000/image03724.jpg 37 35 31
AFLW2000/image03349.jpg 25 32 34
AFLW2000/image00591.jpg 26 30 34
AFLW2000/image00645.jpg 37 36 31
AFLW2000/image03693.jpg 27 32 34
AFLW2000/image00547.jpg 45 27 29
AFLW2000/image02124.jpg 60 29 32
AFLW2000/image00602.jpg 33 29 16
AFLW2000/image00188.jpg 9 0 67
AFLW2000/image01763.jpg 23 36 25
AFLW2000/image00592.jpg 33 34 34
AFLW2000/image00846.jpg 40 32 23
AFLW2000/image00627.jpg 57 30 32
AFLW2000/image01984.jpg 23 31 38
AFLW2000/image02470.jpg 56 48 48
AFLW2000/image02982.jpg 32 32 33
AFLW2000/image01645.jpg 39 35 36
AFLW2000/image02196.jpg 38 31 30
AFLW2000/image00915.jpg 43 34 41
AFLW2000/image01312.jpg 37 35 34
AFLW2000/image03758.jpg 31 29 36
AFLW2000/image00061.jpg 33 34 34
AFLW2000/image00408.jpg 26 25 38
AFLW2000/image01932.jpg 32 27 32
AFLW2000/image00589.jpg 34 31 32
AFLW2000/image04007.jpg 39 32 34
AFLW2000/image00397.jpg 36 28 33
AFLW2000/image00181.jpg 60 38 40
AFLW2000/image02843.jpg 37 40 49
AFLW2000/image04043.jpg 42 31 36
AFLW2000/image00292.jpg 32 41 31
AFLW2000/image00643.jpg 46 27 29
AFLW2000/image01818.jpg 9 11 58
AFLW2000/image01720.jpg 50 28 29
AFLW2000/image03440.jpg 31 31 35
AFLW2000/image00850.jpg 20 28 38
AFLW2000/image00427.jpg 36 41 29
AFLW2000/image02618.jpg 14 40 30
AFLW2000/image00377.jpg 31 44 33
AFLW2000/image02125.jpg 36 26 22
AFLW2000/image01001.jpg 29 34 29
AFLW2000/image03194.jpg 12 28 35
AFLW2000/image02023.jpg 35 38 33
AFLW2000/image02666.jpg 59 24 24
AFLW2000/image03195.jpg 47 31 30
AFLW2000/image00532.jpg 30 32 31
AFLW2000/image00213.jpg 32 27 38
AFLW2000/image00517.jpg 25 33 28
AFLW2000/image00175.jpg 21 34 30
AFLW2000/image00860.jpg 38 31 28
AFLW2000/image01739.jpg 18 27 35
AFLW2000/image02213.jpg 43 29 26
AFLW2000/image00436.jpg 34 36 33
AFLW2000/image03217.jpg 34 30 33
AFLW2000/image02440.jpg 58 46 47
AFLW2000/image00020.jpg 41 30 25
AFLW2000/image00091.jpg 2 67 0
AFLW2000/image02044.jpg 30 34 40
AFLW2000/image04312.jpg 41 28 33
AFLW2000/image00014.jpg 36 35 33
AFLW2000/image01177.jpg 28 31 31
AFLW2000/image02191.jpg 19 29 31
AFLW2000/image02817.jpg 20 33 34
AFLW2000/image01131.jpg 44 31 34
AFLW2000/image01247.jpg 40 37 33
AFLW2000/image00593.jpg 24 34 37
AFLW2000/image01951.jpg 33 34 35
AFLW2000/image00743.jpg 24 37 20
AFLW2000/image00837.jpg 22 36 32
AFLW2000/image01155.jpg 21 32 33
AFLW2000/image00496.jpg 37 29 34
AFLW2000/image02282.jpg 27 42 40
AFLW2000/image02688.jpg 34 32 34
AFLW2000/image02941.jpg 17 34 30
AFLW2000/image00401.jpg 35 36 33
AFLW2000/image02216.jpg 32 26 33
AFLW2000/image03173.jpg 61 0 0
AFLW2000/image00210.jpg 42 31 34
AFLW2000/image00667.jpg 39 28 31
AFLW2000/image03729.jpg 23 31 29
AFLW2000/image03816.jpg 26 32 42
AFLW2000/image03362.jpg 39 33 35
AFLW2000/image02738.jpg 42 26 33
AFLW2000/image03055.jpg 59 46 43
AFLW2000/image01230.jpg 36 30 32
AFLW2000/image01266.jpg 31 37 35
AFLW2000/image03434.jpg 54 26 27
AFLW2000/image03284.jpg 55 11 14
AFLW2000/image00118.jpg 60 39 33
AFLW2000/image03271.jpg 32 32 31
AFLW2000/image03892.jpg 28 26 36
AFLW2000/image02209.jpg 24 30 40
AFLW2000/image00730.jpg 40 31 35
AFLW2000/image00776.jpg 39 34 34
AFLW2000/image02488.jpg 33 28 36
AFLW2000/image02790.jpg 33 31 34
AFLW2000/image04168.jpg 20 31 29
AFLW2000/image00503.jpg 34 30 34
AFLW2000/image01373.jpg 62 9 10
AFLW2000/image03657.jpg 40 27 27
AFLW2000/image00327.jpg 42 25 29
AFLW2000/image01773.jpg 60 51 51
AFLW2000/image00971.jpg 26 38 32
AFLW2000/image03677.jpg 23 32 33
AFLW2000/image02559.jpg 23 35 37
AFLW2000/image03655.jpg 28 29 34
AFLW2000/image01045.jpg 50 33 30
AFLW2000/image01569.jpg 56 23 29
AFLW2000/image00371.jpg 30 26 34
AFLW2000/image02673.jpg 33 34 33
AFLW2000/image00098.jpg 39 30 33
AFLW2000/image01110.jpg 32 30 36
AFLW2000/image02117.jpg 29 30 35
AFLW2000/image03162.jpg 60 67 67
AFLW2000/image03456.jpg 12 48 26
AFLW2000/image01505.jpg 10 25 43
AFLW2000/image02545.jpg 37 23 31
AFLW2000/image00134.jpg 53 34 33
AFLW2000/image03708.jpg 32 33 39
AFLW2000/image02953.jpg 33 28 32
AFLW2000/image02083.jpg 26 29 35
AFLW2000/image01218.jpg 36 32 35
AFLW2000/image01782.jpg 58 45 44
AFLW2000/image00554.jpg 35 39 32
AFLW2000/image01822.jpg 56 33 37
AFLW2000/image02378.jpg 48 33 28
AFLW2000/image02854.jpg 36 36 28
AFLW2000/image03722.jpg 31 35 27
AFLW2000/image00624.jpg 36 26 33
AFLW2000/image02629.jpg 11 49 19
AFLW2000/image03936.jpg 41 33 34
AFLW2000/image01233.jpg 35 34 33
AFLW2000/image00428.jpg 57 47 41
AFLW2000/image01781.jpg 20 34 32
AFLW2000/image03733.jpg 31 31 45
AFLW2000/image00731.jpg 58 39 34
AFLW2000/image04344.jpg 32 30 34
AFLW2000/image01088.jpg 37 26 34
AFLW2000/image02831.jpg 36 39 33
AFLW2000/image00925.jpg 31 30 34
AFLW2000/image03831.jpg 30 29 22
AFLW2000/image02011.jpg 28 31 36
AFLW2000/image02426.jpg 39 29 29
AFLW2000/image01575.jpg 15 32 38
AFLW2000/image04184.jpg 31 31 32
AFLW2000/image00844.jpg 40 34 32
AFLW2000/image02416.jpg 57 43 36
AFLW2000/image00122.jpg 25 30 35
AFLW2000/image00809.jpg 47 32 31
AFLW2000/image00323.jpg 34 30 33
AFLW2000/image00501.jpg 26 32 35
AFLW2000/image02615.jpg 54 29 30
AFLW2000/image03869.jpg 25 39 40
AFLW2000/image02211.jpg 26 37 34
AFLW2000/image02775.jpg 24 23 38
AFLW2000/image02735.jpg 51 34 35
AFLW2000/image01677.jpg 18 27 38
AFLW2000/image01629.jpg 33 30 31
AFLW2000/image00757.jpg 31 33 31
AFLW2000/image04092.jpg 36 31 33
AFLW2000/image01690.jpg 19 28 41
AFLW2000/image00090.jpg 38 30 34
AFLW2000/image03582.jpg 53 30 28
AFLW2000/image02788.jpg 47 23 30
AFLW2000/image00631.jpg 20 32 37
AFLW2000/image01224.jpg 34 29 32
AFLW2000/image00078.jpg 47 33 35
AFLW2000/image00084.jpg 37 25 27
AFLW2000/image03345.jpg 31 41 32
AFLW2000/image02825.jpg 10 26 39
AFLW2000/image03059.jpg 32 30 35
AFLW2000/image00052.jpg 32 32 34
AFLW2000/image00943.jpg 26 31 32
AFLW2000/image03664.jpg 11 20 49
AFLW2000/image02072.jpg 33 29 30
AFLW2000/image00734.jpg 10 67 0
AFLW2000/image00655.jpg 24 33 31
AFLW2000/image02597.jpg 44 34 36
AFLW2000/image01762.jpg 31 26 26
AFLW2000/image01486.jpg 9 7 67
AFLW2000/image00957.jpg 29 33 30
AFLW2000/image01090.jpg 24 32 28
AFLW2000/image01149.jpg 37 29 19
AFLW2000/image02998.jpg 35 34 32
AFLW2000/image00978.jpg 42 30 34
AFLW2000/image02705.jpg 42 27 31
AFLW2000/image00882.jpg 32 27 32
AFLW2000/image01083.jpg 35 29 33
AFLW2000/image02989.jpg 33 30 36
AFLW2000/image02208.jpg 37 33 30
AFLW2000/image04225.jpg 34 41 33
AFLW2000/image02633.jpg 52 36 34
AFLW2000/image02886.jpg 33 32 36
AFLW2000/image01653.jpg 19 24 42
AFLW2000/image00008.jpg 39 30 26
AFLW2000/image00777.jpg 35 30 32
AFLW2000/image03532.jpg 27 35 32
AFLW2000/image04145.jpg 37 30 35
AFLW2000/image01682.jpg 49 35 30
AFLW2000/image02683.jpg 48 40 39
AFLW2000/image01190.jpg 35 33 34
AFLW2000/image03082.jpg 42 39 49
AFLW2000/image01189.jpg 35 42 34
AFLW2000/image02544.jpg 31 30 33
AFLW2000/image02829.jpg 13 6 56
AFLW2000/image03407.jpg 27 31 33
AFLW2000/image01676.jpg 49 41 40
AFLW2000/image03673.jpg 35 32 35
AFLW2000/image02290.jpg 12 34 35
AFLW2000/image01401.jpg 36 32 35
AFLW2000/image02866.jpg 18 29 36
AFLW2000/image00543.jpg 26 29 33
AFLW2000/image03093.jpg 57 52 49
AFLW2000/image02846.jpg 31 29 37
AFLW2000/image00451.jpg 59 38 33
AFLW2000/image01021.jpg 29 29 33
AFLW2000/image01391.jpg 37 31 33
AFLW2000/image04088.jpg 48 27 28
AFLW2000/image02995.jpg 22 31 41
AFLW2000/image04084.jpg 34 31 36
AFLW2000/image03002.jpg 42 36 44
AFLW2000/image03459.jpg 30 35 34
AFLW2000/image00405.jpg 34 29 36
AFLW2000/image01854.jpg 54 27 26
AFLW2000/image02432.jpg 11 28 37
AFLW2000/image01853.jpg 57 33 38
AFLW2000/image00393.jpg 37 36 34
AFLW2000/image01780.jpg 21 38 43
AFLW2000/image03752.jpg 38 31 31
AFLW2000/image00306.jpg 20 36 23
AFLW2000/image02298.jpg 15 38 30
AFLW2000/image00203.jpg 35 32 35
AFLW2000/image03373.jpg 7 39 29
AFLW2000/image01717.jpg 24 41 27
AFLW2000/image01300.jpg 36 38 41
AFLW2000/image04031.jpg 51 20 24
AFLW2000/image02179.jpg 51 36 36
AFLW2000/image00370.jpg 37 32 32
AFLW2000/image03862.jpg 59 24 26
AFLW2000/image00908.jpg 42 26 21
AFLW2000/image01916.jpg 5 67 1
AFLW2000/image02210.jpg 32 29 37
AFLW2000/image03573.jpg 39 28 32
AFLW2000/image04207.jpg 44 33 33
AFLW2000/image02203.jpg 42 37 37
AFLW2000/image03668.jpg 20 30 33
AFLW2000/image01437.jpg 48 45 45
AFLW2000/image01133.jpg 32 34 41
AFLW2000/image00891.jpg 36 31 33
AFLW2000/image01100.jpg 38 28 37
AFLW2000/image01210.jpg 33 25 33
AFLW2000/image02804.jpg 8 29 38
AFLW2000/image00416.jpg 32 26 24
AFLW2000/image02147.jpg 29 41 40
AFLW2000/image02302.jpg 32 29 28
AFLW2000/image01000.jpg 33 26 32
AFLW2000/image01748.jpg 7 16 55
AFLW2000/image00190.jpg 35 27 28
AFLW2000/image03149.jpg 20 30 45
AFLW2000/image03567.jpg 21 28 36
AFLW2000/image00294.jpg 36 31 33
AFLW2000/image03024.jpg 22 30 36
AFLW2000/image00715.jpg 34 26 33
AFLW2000/image00739.jpg 20 35 37
AFLW2000/image03324.jpg 30 39 33
AFLW2000/image01956.jpg 33 29 33
AFLW2000/image01573.jpg 59 41 39
AFLW2000/image00856.jpg 37 29 30
AFLW2000/image04213.jpg 41 26 35
AFLW2000/image02322.jpg 35 26 32
AFLW2000/image01009.jpg 33 29 35
AFLW2000/image00261.jpg 40 29 32
AFLW2000/image00439.jpg 21 23 46
AFLW2000/image03871.jpg 41 35 32
AFLW2000/image01238.jpg 45 35 33
AFLW2000/image00901.jpg 36 29 32
AFLW2000/image00337.jpg 37 38 33
AFLW2000/image00368.jpg 29 27 40
AFLW2000/image00062.jpg 33 35 35
AFLW2000/image00264.jpg 10 33 33
AFLW2000/image02745.jpg 6 39 24
AFLW2000/image00095.jpg 27 33 34
AFLW2000/image03453.jpg 15 34 35
AFLW2000/image02137.jpg 14 35 34
AFLW2000/image00355.jpg 32 30 38
AFLW2000/image03188.jpg 45 33 33
AFLW2000/image03235.jpg 29 34 33
AFLW2000/image00262.jpg 36 28 35
AFLW2000/image03266.jpg 34 34 30
AFLW2000/image02202.jpg 33 33 34
AFLW2000/image02017.jpg 54 35 35
AFLW2000/image03013.jpg 35 31 31
AFLW2000/image02724.jpg 14 32 37
AFLW2000/image03009.jpg 32 31 36
AFLW2000/image00615.jpg 39 24 22
AFLW2000/image03238.jpg 33 24 34
AFLW2000/image03767.jpg 41 31 37
AFLW2000/image00521.jpg 42 27 30
AFLW2000/image02369.jpg 13 26 43
AFLW2000/image03998.jpg 34 40 40
AFLW2000/image03976.jpg 57 43 46
AFLW2000/image03617.jpg 49 32 30
AFLW2000/image00523.jpg 18 27 38
AFLW2000/image01996.jpg 35 31 34
AFLW2000/image02621.jpg 27 33 31
AFLW2000/image01938.jpg 24 32 32
AFLW2000/image03651.jpg 31 27 35
AFLW2000/image03222.jpg 27 30 35
AFLW2000/image03043.jpg 30 29 39
AFLW2000/image03015.jpg 39 29 26
AFLW2000/image00198.jpg 47 31 28
AFLW2000/image03757.jpg 38 26 32
AFLW2000/image02247.jpg 21 38 36
AFLW2000/image02768.jpg 52 30 35
AFLW2000/image00829.jpg 33 30 35
AFLW2000/image03893.jpg 29 26 37
AFLW2000/image01342.jpg 35 30 33
AFLW2000/image02732.jpg 31 31 29
AFLW2000/image00673.jpg 46 32 32
AFLW2000/image03742.jpg 36 30 44
AFLW2000/image02012.jpg 28 31 36
AFLW2000/image00775.jpg 35 27 30
AFLW2000/image02834.jpg 31 26 33
AFLW2000/image01104.jpg 35 40 19
AFLW2000/image04296.jpg 14 13 56
AFLW2000/image03455.jpg 16 31 35
AFLW2000/image00773.jpg 32 40 28
AFLW2000/image03011.jpg 33 32 37
AFLW2000/image03780.jpg 37 31 38
AFLW2000/image01981.jpg 26 29 46
AFLW2000/image00138.jpg 13 27 34
AFLW2000/image02289.jpg 10 42 28
AFLW2000/image01783.jpg 16 34 26
AFLW2000/image02977.jpg 33 31 32
AFLW2000/image03172.jpg 12 32 37
AFLW2000/image04105.jpg 8 36 39
AFLW2000/image00772.jpg 30 29 34
AFLW2000/image02598.jpg 7 39 22
AFLW2000/image01894.jpg 29 29 34
AFLW2000/image02384.jpg 38 34 33
AFLW2000/image02798.jpg 31 33 34
AFLW2000/image01360.jpg 34 32 32
AFLW2000/image02530.jpg 29 33 34
AFLW2000/image03148.jpg 10 54 23
AFLW2000/image00733.jpg 39 27 17
AFLW2000/image00942.jpg 45 31 37
AFLW2000/image01108.jpg 39 33 34
AFLW2000/image00325.jpg 25 32 33
AFLW2000/image01503.jpg 29 29 29
AFLW2000/image04185.jpg 57 24 24
AFLW2000/image02850.jpg 35 33 30
AFLW2000/image02340.jpg 30 31 31
AFLW2000/image00932.jpg 34 29 33
AFLW2000/image03551.jpg 40 31 30
AFLW2000/image01272.jpg 37 38 33
AFLW2000/image02924.jpg 33 28 33
AFLW2000/image02797.jpg 38 33 35
AFLW2000/image01026.jpg 28 28 27
AFLW2000/image02836.jpg 34 27 33
AFLW2000/image04104.jpg 35 29 31
AFLW2000/image01282.jpg 35 31 27
AFLW2000/image01621.jpg 32 46 36
AFLW2000/image00349.jpg 40 31 31
AFLW2000/image02035.jpg 34 33 27
AFLW2000/image01308.jpg 44 33 32
AFLW2000/image03818.jpg 39 34 47
AFLW2000/image01624.jpg 54 32 19
AFLW2000/image03589.jpg 29 21 45
AFLW2000/image00345.jpg 36 27 27
AFLW2000/image02154.jpg 54 33 34
AFLW2000/image02329.jpg 49 30 28
AFLW2000/image00322.jpg 38 32 30
AFLW2000/image01691.jpg 53 25 28
AFLW2000/image00634.jpg 29 33 29
AFLW2000/image03996.jpg 6 21 44
AFLW2000/image01644.jpg 33 39 34
AFLW2000/image03834.jpg 46 30 42
AFLW2000/image00771.jpg 32 30 33
AFLW2000/image03792.jpg 37 33 21
AFLW2000/image00779.jpg 32 38 24
AFLW2000/image03625.jpg 35 30 34
AFLW2000/image00963.jpg 25 38 31
AFLW2000/image02183.jpg 33 31 33
AFLW2000/image00100.jpg 31 27 34
AFLW2000/image02972.jpg 59 31 29
AFLW2000/image02679.jpg 56 33 34
AFLW2000/image00922.jpg 41 35 34
AFLW2000/image00097.jpg 33 31 38
AFLW2000/image00826.jpg 13 32 48
AFLW2000/image02479.jpg 36 26 29
AFLW2000/image00454.jpg 18 35 31
AFLW2000/image03992.jpg 40 30 28
AFLW2000/image03019.jpg 40 28 21
AFLW2000/image00895.jpg 34 27 34
AFLW2000/image03821.jpg 28 28 34
AFLW2000/image00352.jpg 10 0 67
AFLW2000/image01264.jpg 46 30 36
AFLW2000/image02550.jpg 40 32 29
AFLW2000/image03552.jpg 34 27 35
AFLW2000/image01826.jpg 31 35 36
AFLW2000/image02639.jpg 43 33 33
AFLW2000/image00753.jpg 29 35 34
AFLW2000/image03829.jpg 36 30 32
AFLW2000/image03585.jpg 23 26 34
AFLW2000/image00937.jpg 38 33 32
AFLW2000/image02409.jpg 37 37 36
AFLW2000/image01983.jpg 38 37 28
AFLW2000/image00595.jpg 30 28 37
AFLW2000/image02176.jpg 33 25 34
AFLW2000/image03548.jpg 36 30 42
AFLW2000/image04186.jpg 33 29 35
AFLW2000/image01675.jpg 40 28 30
AFLW2000/image00276.jpg 40 33 31
AFLW2000/image04027.jpg 29 30 38
AFLW2000/image02370.jpg 36 29 31
AFLW2000/image02333.jpg 34 28 33
AFLW2000/image03624.jpg 27 31 33
AFLW2000/image04147.jpg 23 34 33
AFLW2000/image00565.jpg 9 30 36
AFLW2000/image01850.jpg 14 27 39
AFLW2000/image01042.jpg 51 23 23
AFLW2000/image00930.jpg 34 25 33
AFLW2000/image03762.jpg 47 30 34
AFLW2000/image01262.jpg 54 54 57
AFLW2000/image02950.jpg 38 35 35
AFLW2000/image04375.jpg 30 33 33
AFLW2000/image00658.jpg 35 30 33
AFLW2000/image04244.jpg 39 35 33
AFLW2000/image03431.jpg 49 57 52
AFLW2000/image00965.jpg 43 30 29
AFLW2000/image01260.jpg 36 33 33
AFLW2000/image01652.jpg 56 29 29
AFLW2000/image01641.jpg 47 35 29
AFLW2000/image03832.jpg 34 31 20
AFLW2000/image04337.jpg 11 14 52
AFLW2000/image00842.jpg 38 31 33
AFLW2000/image00302.jpg 35 33 32
AFLW2000/image03974.jpg 41 35 36
